500,-0.00211755,0.0115829,-10,0,0,0,21
1000,-0.0043506,0.0138052,-20,0,0,0,37
1500,-0.104966,-0.0685352,-33,0,0,0,54
2000,-0.351115,-0.329959,-43,0,0,1,10
2500,-0.5048,-0.526441,-53,0,0,1,27
3000,-0.424955,-0.429645,-63,0,0,1,44
3500,-0.757093,-0.751559,-73,0,0,2,0
4000,-0.673448,-0.6757,-83,0,0,2,17
4500,-0.692032,-0.685546,-93,0,0,2,33
5000,-0.728172,-0.710313,-103,0,0,2,50
5500,-0.75543,-0.734922,-113,0,0,3,6
6000,-0.710735,-0.706897,-123,0,0,3,23
6500,-0.727373,-0.726859,-133,0,0,3,39
7000,-0.727472,-0.721229,-143,0,0,3,56
7500,-0.752685,-0.718809,-153,0,0,4,12
8000,-0.649446,-0.652494,-163,0,0,4,29
8500,-0.651147,-0.652927,-173,0,0,4,45
9000,-0.642418,-0.633248,-183,0,0,5,2
9500,-0.62322,-0.62285,-193,0,0,5,18
10000,-0.626094,-0.623537,-203,0,0,5,36
10500,-0.625178,-0.629064,-213,0,0,5,52
11000,-0.631033,-0.633278,-223,0,0,6,9
11500,-0.627661,-0.630332,-233,0,0,6,25
12000,-0.635634,-0.638919,-243,0,0,6,42
12500,-0.633715,-0.627405,-253,0,0,6,58
13000,-0.654359,-0.654142,-263,0,0,7,15
13500,-0.63636,-0.634655,-273,0,0,7,31
14000,-0.648589,-0.652334,-283,0,0,7,48
14500,-0.628496,-0.628361,-293,0,0,8,4
15000,-0.629328,-0.63346,-303,0,0,8,21
15500,-0.641363,-0.639219,-313,0,0,8,37
16000,-0.637228,-0.639315,-323,0,0,8,54
16500,-0.64276,-0.63955,-333,0,0,9,10
17000,-0.631264,-0.628938,-343,0,0,9,27
17500,-0.639898,-0.634758,-353,0,0,9,44
18000,-0.632296,-0.630278,-363,0,0,10,0
18500,-0.622872,-0.619062,-373,0,0,10,17
19000,-0.647831,-0.649315,-383,0,0,10,33
19500,-0.644412,-0.649947,-393,0,0,10,50
20000,-0.63525,-0.63747,-403,0,0,11,7
20500,-0.63153,-0.630437,-413,0,0,11,23
21000,-0.63218,-0.637454,-423,0,0,11,40
21500,-0.639928,-0.642947,-433,0,0,11,56
22000,-0.636586,-0.635695,-443,0,0,12,13
22500,-0.624496,-0.624933,-453,0,0,12,29
23000,-0.638391,-0.634278,-463,0,0,12,46
23500,-0.642355,-0.64626,-473,0,0,13,2
24000,-0.638724,-0.639039,-483,0,0,13,19
24500,-0.62945,-0.634529,-493,0,0,13,35
25000,-0.63447,-0.635052,-503,0,0,13,52
25500,-0.642381,-0.642426,-513,0,0,14,9
26000,-0.63453,-0.637728,-523,0,0,14,25
26500,-0.634671,-0.635558,-533,0,0,14,42
27000,-0.643433,-0.643068,-543,0,0,14,58
27500,-0.634088,-0.637002,-553,0,0,15,15
28000,-0.660273,-0.658332,-563,0,0,15,31
28500,-0.643514,-0.646751,-573,0,0,15,48
29000,-0.647725,-0.643539,-583,0,0,16,4
29500,-0.632554,-0.634397,-593,0,0,16,21
30000,-0.630922,-0.628325,-603,0,0,16,38
30500,-0.641912,-0.645314,-613,0,0,16,54
31000,-0.647605,-0.646825,-623,0,0,17,11
31500,-0.642171,-0.642121,-633,0,0,17,27
32000,-0.62635,-0.628131,-643,0,0,17,44
32500,-0.641232,-0.640872,-653,0,0,18,1
33000,-0.633087,-0.635824,-663,0,0,18,17
33500,-0.62905,-0.633078,-673,0,0,18,34
34000,-0.64089,-0.640759,-683,0,0,18,50
34500,-0.641772,-0.644805,-693,0,0,19,7
35000,-0.6461,-0.644911,-703,0,0,19,23
35500,-0.643645,-0.640811,-713,0,0,19,40
36000,-0.65001,-0.648577,-723,0,0,19,56
36500,-0.650267,-0.649442,-733,0,0,20,13
37000,-0.648642,-0.646761,-743,0,0,20,29
37500,-0.642059,-0.645534,-753,0,0,20,46
38000,-0.654976,-0.657978,-763,0,0,21,2
38500,-0.596028,-0.595813,-773,0,0,21,19
39000,-0.581107,-0.581178,-783,0,0,21,35
39500,-0.584488,-0.585905,-793,0,0,21,52
40000,-0.595476,-0.596114,-803,0,0,22,9
40500,-0.582939,-0.58463,-813,0,0,22,25
41000,-0.599939,-0.599185,-823,0,0,22,42
41500,-0.588028,-0.587941,-833,0,0,22,59
42000,-0.594738,-0.593913,-843,0,0,23,15
42500,-0.589747,-0.595933,-853,0,0,23,32
43000,-0.578825,-0.581771,-863,0,0,23,48
43500,-0.59145,-0.589734,-873,0,0,24,5
44000,-0.582791,-0.584978,-883,0,0,24,21
44500,-0.587194,-0.586027,-893,0,0,24,38
45000,-0.590959,-0.588732,-903,0,0,24,54
45500,-0.578344,-0.577961,-913,0,0,25,11
46000,-0.592589,-0.588455,-923,0,0,25,27
46500,-0.58733,-0.587654,-933,0,0,25,44
47000,-0.594091,-0.593036,-943,0,0,26,0
47500,-0.587514,-0.588093,-953,0,0,26,17
48000,-0.588274,-0.588034,-963,0,0,26,34
48500,-0.583516,-0.581214,-973,0,0,26,50
49000,-0.575532,-0.578467,-983,0,0,27,7
49500,-0.595194,-0.595859,-993,0,0,27,23
50000,-0.592434,-0.590007,-1003,0,0,27,40
50500,-0.601106,-0.601479,-1013,0,0,27,57
51000,-0.595797,-0.600325,-1023,0,0,28,13
51500,-0.585732,-0.583368,-1033,0,0,28,30
52000,-0.588571,-0.589315,-1043,0,0,28,46
52500,-0.594135,-0.596018,-1053,0,0,29,3
53000,-0.591818,-0.591269,-1063,0,0,29,20
53500,-0.597014,-0.601115,-1073,0,0,29,37
54000,-0.588503,-0.593103,-1083,0,0,29,54
54500,-0.591989,-0.593409,-1093,0,0,30,10
55000,-0.923545,-0.925375,-1102,0,0,30,27
55500,-0.964455,-0.957867,-1112,0,0,30,44
56000,-0.957149,-0.96229,-1122,0,0,31,0
56500,-0.950559,-0.951967,-1132,0,0,31,17
57000,-0.935185,-0.936896,-1142,0,0,31,33
57500,-0.940238,-0.938208,-1152,0,0,31,50
58000,-0.938395,-0.940699,-1162,0,0,32,6
58500,-0.95579,-0.952135,-1172,0,0,32,23
59000,-0.975613,-0.97639,-1182,0,0,32,39
59500,-0.915875,-0.912273,-1192,0,0,32,56
60000,-0.940679,-0.936404,-1202,0,0,33,13
60500,-0.862422,-0.861136,-1212,0,0,33,30
61000,-0.899387,-0.899201,-1222,0,0,33,46
61500,-0.886958,-0.888657,-1232,0,0,34,3
62000,-0.876642,-0.876026,-1242,0,0,34,19
62500,-0.800326,-0.798237,-1252,0,0,34,36
63000,-0.833936,-0.836037,-1262,0,0,34,52
63500,-0.816492,-0.820431,-1272,0,0,35,9
64000,-0.82213,-0.820566,-1282,0,0,35,25
64500,-0.831735,-0.828811,-1292,0,0,35,42
65000,-0.838521,-0.838255,-1302,0,0,35,58
65500,-0.814599,-0.812019,-1312,0,0,36,15
66000,-0.829308,-0.828811,-1322,0,0,36,31
66500,-0.820461,-0.822021,-1332,0,0,36,48
67000,-0.816392,-0.818676,-1342,0,0,37,5
67500,-0.849022,-0.847963,-1352,0,0,37,21
68000,-0.816569,-0.812355,-1362,0,0,37,38
68500,-0.825073,-0.816849,-1372,0,0,37,54
69000,-0.834838,-0.833922,-1382,0,0,38,11
69500,-0.808018,-0.809723,-1392,0,0,38,27
70000,-0.826513,-0.830452,-1402,0,0,38,44
70500,-0.818932,-0.811396,-1412,0,0,39,1
71000,-0.830555,-0.831347,-1422,0,0,39,17
71500,-0.749492,-0.748844,-1432,0,0,39,34
72000,-0.737186,-0.72721,-1442,0,0,39,50
72500,-0.753815,-0.747583,-1452,0,0,40,7
73000,-0.765711,-0.761954,-1462,0,0,40,23
73500,-0.752356,-0.754186,-1472,0,0,40,40
74000,-0.735931,-0.733159,-1482,0,0,40,57
74500,-0.744558,-0.745622,-1492,0,0,41,13
75000,-0.739462,-0.74071,-1502,0,0,41,30
75500,-0.750307,-0.747575,-1512,0,0,41,46
76000,-0.741313,-0.739173,-1522,0,0,42,3
76500,-0.730902,-0.728337,-1532,0,0,42,19
77000,-0.769064,-0.769203,-1542,0,0,42,36
77500,-0.680012,-0.680702,-1552,0,0,42,52
78000,-0.655261,-0.659012,-1562,0,0,43,9
78500,-0.659511,-0.660609,-1572,0,0,43,25
79000,-0.657964,-0.659146,-1582,0,0,43,42
79500,-0.650244,-0.652078,-1592,0,0,43,58
80000,-0.651298,-0.652725,-1602,0,0,44,15
80500,-0.65597,-0.657437,-1612,0,0,44,32
81000,-0.65808,-0.659098,-1622,0,0,44,48
81500,-0.657534,-0.659118,-1632,0,0,45,5
82000,-0.65821,-0.660284,-1642,0,0,45,21
82500,-0.651478,-0.655453,-1652,0,0,45,38
83000,-0.650469,-0.648248,-1662,0,0,45,55
83500,-0.643709,-0.646114,-1672,0,0,46,11
84000,-0.659949,-0.661064,-1682,0,0,46,28
84500,-0.656467,-0.658272,-1692,0,0,46,44
85000,-0.656641,-0.660334,-1702,0,0,47,1
85500,-0.660166,-0.665347,-1712,0,0,47,17
86000,-0.650747,-0.651126,-1722,0,0,47,34
86500,-0.664964,-0.664251,-1732,0,0,47,50
87000,-0.636227,-0.638002,-1742,0,0,48,7
87500,-0.648826,-0.649795,-1752,0,0,48,23
88000,-0.647459,-0.64481,-1762,0,0,48,40
88500,-0.653715,-0.650079,-1772,0,0,48,56
89000,-0.652905,-0.653629,-1782,0,0,49,13
89500,-0.611138,-0.609448,-1792,0,0,49,30
90000,-0.617733,-0.618039,-1802,0,0,49,47
90500,-0.62229,-0.617382,-1812,0,0,50,3
91000,-0.611149,-0.610917,-1822,0,0,50,20
91500,-0.956113,-0.955503,-1831,0,0,50,36
92000,-0.954703,-0.956978,-1841,0,0,50,53
92500,-0.956776,-0.957582,-1851,0,0,51,9
93000,-0.955512,-0.952756,-1861,0,0,51,26
93500,-0.958182,-0.956506,-1871,0,0,51,42
94000,-0.947792,-0.949267,-1881,0,0,51,59
94500,-0.886982,-0.883016,-1891,0,0,52,15
95000,-0.888176,-0.88985,-1901,0,0,52,32
95500,-0.879867,-0.877047,-1911,0,0,52,48
96000,-0.865895,-0.865772,-1921,0,0,53,5
96500,-0.880607,-0.872087,-1931,0,0,53,21
97000,-0.875228,-0.875402,-1941,0,0,53,38
97500,-0.873626,-0.875091,-1951,0,0,53,55
98000,-0.88572,-0.880442,-1961,0,0,54,11
98500,-0.88135,-0.883487,-1971,0,0,54,28
99000,-0.889131,-0.886759,-1981,0,0,54,44
99500,-0.889123,-0.891461,-1991,0,0,55,1
100000,-0.881811,-0.880036,-2001,0,0,55,18
100500,-0.863347,-0.863375,-2011,0,0,55,34
101000,-0.866766,-0.868902,-2021,0,0,55,51
101500,-0.887846,-0.88732,-2031,0,0,56,7
102000,-0.864392,-0.861695,-2041,0,0,56,24
102500,-0.866553,-0.865559,-2051,0,0,56,40
103000,-0.895673,-0.891227,-2061,0,0,56,57
103500,-0.881964,-0.882702,-2071,0,0,57,13
104000,-0.873324,-0.872091,-2081,0,0,57,30
104500,-0.897616,-0.89806,-2091,0,0,57,47
105000,-0.873935,-0.87445,-2101,0,0,58,3
105500,-0.817124,-0.816983,-2111,0,0,58,20
106000,-0.787765,-0.787477,-2121,0,0,58,36
106500,-0.781675,-0.784657,-2131,0,0,58,53
107000,-0.799271,-0.797382,-2141,0,0,59,9
107500,-0.710766,-0.709891,-2151,0,0,59,26
108000,-0.72161,-0.720789,-2161,0,0,59,42
108500,-0.716268,-0.717284,-2171,0,0,59,59
109000,-0.703699,-0.706815,-2181,0,1,0,15
109500,-0.70688,-0.706819,-2191,0,1,0,32
110000,-0.717061,-0.719151,-2201,0,1,0,49
110500,-0.714149,-0.715575,-2211,0,1,1,5
111000,-0.718484,-0.717185,-2221,0,1,1,22
111500,-0.701311,-0.703002,-2231,0,1,1,39
112000,-0.69521,-0.695596,-2241,0,1,1,55
112500,-0.683869,-0.68416,-2251,0,1,2,12
113000,-0.701442,-0.705536,-2261,0,1,2,28
113500,-0.655756,-0.654773,-2271,0,1,2,45
114000,-0.649115,-0.646797,-2281,0,1,3,1
114500,-0.966181,-0.967903,-2289,1,1,3,18
115000,-0.904794,-0.905978,-2299,1,1,3,34
115500,-0.915459,-0.915602,-2309,1,1,3,51
116000,-0.902211,-0.901577,-2319,1,1,4,7
116500,-0.833613,-0.838477,-2329,1,1,4,24
117000,-0.884374,-0.883366,-2339,1,1,4,40
117500,-0.800767,-0.801597,-2349,1,1,4,57
118000,-0.758818,-0.760174,-2359,1,1,5,13
118500,-0.747134,-0.744044,-2369,1,1,5,30
119000,-0.72865,-0.723311,-2379,1,1,5,47
119500,-0.676578,-0.676862,-2389,1,1,6,3
120000,-0.673287,-0.68002,-2399,1,1,6,20
120500,-0.996526,-0.996221,-2408,1,1,6,37
121000,-0.98913,-0.987138,-2418,1,1,6,53
121500,-0.984629,-0.985622,-2428,1,1,7,10
122000,-0.986253,-0.986438,-2438,1,1,7,26
122500,-0.985131,-0.979128,-2448,1,1,7,43
123000,-0.986862,-0.986713,-2458,1,1,7,59
123500,-0.976099,-0.974595,-2468,1,1,8,16
124000,-0.985928,-0.986884,-2478,1,1,8,32
124500,-0.99924,-0.996101,-2488,1,1,8,49
125000,-0.990228,-0.991584,-2498,1,1,9,5
125500,-0.986791,-0.981641,-2508,1,1,9,22
126000,-0.936565,-0.938509,-2518,1,1,9,39
126500,-0.945247,-0.943858,-2528,1,1,9,55
127000,-0.94348,-0.943724,-2538,1,1,10,12
127500,-0.863036,-0.915165,-2548,1,1,10,28
128000,-0.933319,-0.934757,-2558,1,1,10,45
128500,-0.945419,-0.946944,-2568,1,1,11,1
129000,-0.731436,-0.732753,-2578,1,1,11,18
129500,-0.684207,-0.685346,-2588,1,1,11,34
130000,-0.62327,-0.622601,-2598,1,1,11,51
130500,-0.947622,-0.95031,-2607,1,1,12,8
131000,-0.629747,-0.632079,-2616,2,1,12,24
131500,-0.642391,-0.641703,-2626,2,1,12,41
132000,-0.620634,-0.620832,-2636,2,1,12,57
132500,-0.623146,-0.62051,-2646,2,1,13,14
133000,-0.886862,-0.912408,-2655,2,1,13,31
133500,-0.781678,-0.784337,-2665,2,1,13,47
134000,-0.903461,-0.92183,-2673,3,1,14,4
134500,-0.896024,-0.904266,-2682,4,1,14,20
135000,-0.824641,-0.825585,-2692,4,1,14,37
135500,-0.659234,-0.661294,-2702,4,1,14,53
136000,-0.854494,-0.85022,-2710,5,1,15,10
136500,-0.770554,-0.769495,-2720,5,1,15,26
137000,-0.619899,-0.62345,-2729,6,1,15,43
137500,-0.91247,-0.911046,-2738,6,1,15,59
138000,-0.806825,-0.838748,-2748,6,1,16,16
138500,-0.708842,-0.704119,-2757,7,1,16,32
139000,-0.979578,-0.981982,-2765,8,1,16,49
139500,-0.811128,-0.812942,-2775,8,1,17,5
140000,-0.633852,-0.634172,-2784,9,1,17,23
140500,-0.601288,-0.607022,-2794,9,1,17,39
141000,-0.84349,-0.837067,-2802,10,1,17,56
141500,-0.968687,-0.963558,-2810,11,1,18,12
142000,-0.573501,-0.580567,-2819,12,1,18,29
142500,-0.624201,-0.624273,-2827,13,1,18,45
143000,-0.597157,-0.596879,-2834,15,1,19,2
143500,-0.598047,-0.599714,-2844,15,1,19,18
144000,-0.630297,-0.61654,-2851,17,1,19,35
144500,-0.689601,-0.738192,-2861,17,1,19,51
145000,-0.697001,-0.711208,-2870,17,1,20,8
145500,-0.656354,-0.658622,-2880,17,1,20,24
146000,-0.896197,-0.893144,-2889,17,1,20,41
146500,-0.590618,-0.601904,-2896,19,1,20,57
147000,-0.83427,-0.821744,-2903,21,1,21,14
147500,-0.555294,-0.553713,-2913,21,1,21,31
148000,-0.686996,-0.684922,-2919,23,1,21,47
148500,-0.599987,-0.609134,-2929,23,1,22,4
149000,-0.881701,-0.883115,-2938,23,1,22,20
149500,-0.65572,-0.651125,-2948,23,1,22,37
150000,-0.750053,-0.754839,-2957,23,1,22,54
150500,-0.836109,-0.85387,-2966,23,1,23,10
151000,-0.640787,-0.647279,-2975,24,1,23,27
151500,-0.735777,-0.783408,-2984,24,1,23,43
152000,-0.629782,-0.616709,-2993,25,1,24,0
152500,-0.90879,-0.907538,-3002,25,1,24,16
153000,-0.704571,-0.692663,-3012,25,1,24,33
153500,-0.66896,-0.68037,-3020,26,1,24,49
154000,-0.950344,-0.946247,-3029,26,1,25,6
154500,-0.532799,-0.528159,-3039,26,1,25,22
155000,-0.625414,-0.688742,-3045,28,1,25,39
155500,-0.643081,-0.787389,-3053,29,1,25,55
156000,-0.649529,-0.676272,-3063,29,1,26,12
156500,-0.679951,-0.686378,-3072,29,1,26,29
157000,-0.601285,-0.611555,-3079,31,1,26,45
157500,-0.887111,-0.892619,-3085,33,1,27,2
158000,-0.556703,-0.558724,-3092,35,1,27,18
158500,-0.878479,-0.882175,-3098,37,1,27,35
159000,-0.178804,-0.740309,-3103,40,1,27,51
159500,-0.570168,-0.667911,-3110,42,1,28,8
160000,-0.603865,-0.701066,-3115,45,1,28,25
160500,-0.650792,-0.776711,-3124,45,1,28,41
161000,-0.495846,-0.502009,-3131,47,1,28,58
161500,-0.490148,-0.495406,-3138,49,1,29,14
162000,-0.858988,-0.863991,-3143,51,1,29,31
162500,-0.538994,-0.537004,-3149,54,1,29,47
163000,-0.536032,-0.538996,-3155,57,1,30,4
163500,-0.512856,-0.563574,-3164,57,1,30,21
164000,-0.486685,-0.501139,-3169,61,1,30,37
164500,-0.604017,-0.615582,-3174,64,1,30,54
165000,-0.731242,-0.716643,-3180,66,1,31,10
165500,-0.610444,-0.624182,-3189,66,1,31,27
166000,-0.542336,-0.551812,-3196,68,1,31,43
166500,-0.507586,-0.6992,-3199,72,1,32,0
167000,-0.597617,-0.634646,-3207,73,1,32,16
167500,-0.671022,-0.641767,-3210,77,1,32,33
168000,-0.585189,-0.562356,-3215,80,1,32,49
168500,-0.432333,-0.427491,-3223,81,1,33,6
169000,-0.796031,-0.78982,-3230,82,1,33,22
169500,-0.490043,-0.520096,-3237,84,1,33,39
170000,-0.804252,-0.743715,-3243,87,1,33,56
170500,-0.454577,-0.467484,-3250,88,1,34,13
171000,-0.438265,-0.424422,-3257,90,1,34,29
171500,-0.527311,-0.565881,-3263,92,1,34,46
172000,0.0114088,-0.612075,-3268,95,1,35,2
172500,-0.485459,-0.480617,-3273,99,1,35,19
173000,-0.449331,-0.438563,-3276,103,1,35,35
173500,-0.834045,-0.826808,-3282,105,1,35,52
174000,-0.227731,-0.721084,-3287,108,1,36,8
174500,-0.478072,-0.596142,-3293,111,1,36,25
175000,-0.474632,-0.508887,-3298,114,1,36,41
175500,-0.43186,-0.463785,-3304,117,1,36,58
176000,-0.543396,-0.581375,-3312,118,1,37,14
176500,-0.393469,-0.411651,-3319,120,1,37,31
177000,-0.423446,-0.434353,-3322,125,1,37,47
177500,-0.599923,-0.598423,-3328,127,1,38,4
178000,-0.383994,-0.39866,-3334,130,1,38,21
178500,-0.440108,-0.434541,-3338,134,1,38,37
179000,-0.539064,-0.618195,-3344,136,1,38,54
179500,-0.36207,-0.366744,-3350,139,1,39,10
180000,-0.501404,-0.640768,-3354,142,1,39,27
180500,-0.368135,-0.418451,-3360,145,1,39,44
181000,-0.497725,-0.507395,-3364,148,1,40,0
181500,-0.35323,-0.344045,-3371,150,1,40,17
182000,-0.31153,-0.361256,-3376,153,1,40,33
182500,-0.312944,-0.358278,-3384,154,1,40,50
183000,-0.537294,-0.649332,-3389,157,1,41,6
183500,-0.274368,-0.384701,-3391,163,1,41,23
184000,-0.221236,-0.287442,-3397,165,1,41,40
184500,-0.43538,-0.571471,-3401,169,1,41,56
185000,-0.491998,-0.51871,-3407,171,1,42,13
185500,-0.394916,-0.444889,-3411,175,1,42,29
186000,-0.435447,-0.438439,-3412,181,1,42,46
186500,-0.687012,-0.775344,-3419,182,1,43,2
187000,-0.640635,-0.746552,-3423,186,1,43,19
187500,-0.805975,-0.724015,-3427,191,1,43,35
188000,-0.621137,-0.614959,-3434,192,1,43,52
188500,-0.282696,-0.269894,-3441,194,1,44,8
189000,-0.297995,-0.342347,-3443,198,1,44,25
189500,-0.342378,-0.33933,-3448,201,1,44,41
190000,-0.291749,-0.291703,-3452,204,1,44,59
190500,-0.403578,-0.506022,-3458,206,1,45,15
191000,-0.600884,-0.659226,-3462,210,1,45,32
191500,-0.468548,-0.53348,-3467,213,1,45,48
192000,-0.565681,-0.605787,-3470,217,1,46,5
192500,-0.303931,-0.466099,-3476,219,1,46,21
193000,-0.331199,-0.361888,-3478,224,1,46,38
193500,-0.0283672,-0.157973,-3482,227,1,46,54
194000,-0.221168,-0.260297,-3489,229,1,47,11
194500,-0.574432,-0.555794,-3488,235,1,47,27
195000,-0.163128,-0.175289,-3492,239,1,47,44
195500,-0.275557,-0.304882,-3495,243,1,48,0
196000,-0.538617,-0.694638,-3500,245,1,48,17
196500,-0.488472,-0.452604,-3500,251,1,48,33
197000,-0.175172,-0.172032,-3506,253,1,48,50
197500,-0.436279,-0.598642,-3510,256,1,49,7
198000,-0.81733,-0.910367,-3514,259,1,49,23
198500,-0.385081,-0.537215,-3523,259,1,49,40
199000,-0.15119,-0.297948,-3521,267,1,49,56
199500,-0.528015,-0.735824,-3527,269,1,50,13
200000,-0.308134,-0.326779,-3525,277,1,50,30
200500,-0.0767599,-0.164403,-3526,283,1,50,46
201000,-0.344464,-0.365783,-3529,287,1,51,3
201500,-0.498356,-0.638282,-3534,290,1,51,19
202000,-0.0677974,-0.271167,-3538,294,1,51,36
202500,-0.260184,-0.580274,-3541,298,1,51,52
203000,-0.428756,-0.469388,-3545,302,1,52,9
203500,-0.00807023,-0.0598865,-3545,308,1,52,25
204000,-0.223848,-0.409554,-3547,313,1,52,42
204500,-0.235027,-0.406971,-3549,318,1,52,58
205000,-0.305227,-0.45031,-3553,322,1,53,15
205500,-0.142488,-0.159321,-3556,327,1,53,31
206000,-0.627105,-0.705766,-3558,332,1,53,48
206500,-1.30744,-1.19359,-3562,336,1,54,5
207000,-0.578782,-0.590304,-3570,337,1,54,21
207500,-0.237488,-0.24859,-3571,343,1,54,38
208000,-0.663251,-0.62392,-3574,347,1,54,54
208500,-0.169612,-0.172538,-3574,353,1,55,11
209000,0.0590815,0.0210602,-3575,358,1,55,27
209500,-0.395257,-0.402801,-3575,364,1,55,44
210000,-0.164427,-0.306451,-3580,367,1,56,1
210500,0.0118712,-0.00833895,-3582,372,1,56,17
211000,-0.352337,-0.372307,-3588,375,1,56,34
211500,-0.344575,-0.521211,-3590,380,1,56,50
212000,-0.319681,-0.379549,-3592,385,1,57,7
212500,-1.01278,-0.950634,-3592,392,1,57,24
213000,-0.120596,-0.217671,-3590,399,1,57,40
213500,-0.0857408,-0.114564,-3588,406,1,57,57
214000,0.218117,0.197286,-3593,409,1,58,13
214500,-0.439872,-0.451511,-3593,415,1,58,30
215000,-0.0096336,-0.0307903,-3595,420,1,58,46
215500,-0.0369795,-0.23048,-3594,426,1,59,3
216000,-0.180929,-0.146869,-3592,433,1,59,19
216500,-0.593917,-0.697541,-3590,440,1,59,36
217000,-0.149975,-0.171965,-3595,443,1,59,52
217500,-0.252529,-0.235921,-3597,448,2,0,9
218000,-0.283039,-0.485371,-3601,451,2,0,25
218500,0.58459,0.125978,-3606,454,2,0,42
219000,-0.464723,-0.498046,-3609,458,2,0,58
219500,-0.00481782,-0.0594096,-3612,462,2,1,15
220000,0.0412597,0.00805901,-3616,466,2,1,32
220500,-0.22053,-0.236136,-3617,471,2,1,49
221000,0.125108,0.0976049,-3620,476,2,2,5
221500,-0.067124,-0.183156,-3620,482,2,2,22
222000,0.214646,0.145918,-3625,485,2,2,38
222500,-0.038835,-0.12365,-3627,489,2,2,55
223000,0.36155,0.377386,-3633,491,2,3,11
223500,-0.613516,-0.691344,-3635,496,2,3,28
224000,0.315336,0.03765,-3641,498,2,3,45
224500,0.167487,-0.0266058,-3645,501,2,4,1
225000,0.233164,0.109056,-3641,509,2,4,18
225500,0.630083,0.255264,-3644,513,2,4,34
226000,-0.807925,-0.779394,-3647,517,2,4,51
226500,-0.216467,-0.455849,-3644,525,2,5,7
227000,0.953348,0.61478,-3643,531,2,5,24
227500,0.0606495,0.0528587,-3648,534,2,5,40
228000,-0.199493,-0.491612,-3641,544,2,5,57
228500,0.191781,0.0672031,-3645,547,2,6,13
229000,0.258841,0.253583,-3649,550,2,6,30
229500,0.882225,0.396859,-3650,555,2,6,46
230000,-0.0108855,-0.110245,-3650,561,2,7,3
230500,-0.0107383,-0.422506,-3651,566,2,7,20
231000,0.347203,0.300163,-3656,569,2,7,36
231500,0.104961,-0.322452,-3662,571,2,7,53
232000,0.225144,-0.0420748,-3666,574,2,8,10
232500,-0.129607,-0.0255266,-3669,578,2,8,26
233000,0.335437,0.182994,-3674,581,2,8,43
233500,-0.329529,-0.382228,-3674,587,2,8,59
234000,0.379732,0.253424,-3679,590,2,9,16
234500,0.263304,0.0435298,-3683,593,2,9,32
235000,0.312114,0.253544,-3688,596,2,9,49
235500,0.429653,-0.120231,-3689,601,2,10,5
236000,-0.78584,-0.846132,-3693,604,2,10,22
236500,0.448531,0.407885,-3701,605,2,10,38
237000,0.55593,0.469407,-3705,608,2,10,55
237500,-0.234934,-0.274775,-3708,612,2,11,11
238000,0.291828,-0.0631693,-3712,615,2,11,28
238500,0.0701695,0.0265306,-3717,618,2,11,45
239000,0.00148447,-0.0158732,-3717,624,2,12,1
239500,0.324797,0.267911,-3717,629,2,12,18
240000,0.733424,0.682686,-3718,634,2,12,35
240500,0.986287,0.333006,-3724,636,2,12,51
241000,0.371855,0.225821,-3721,644,2,13,8
241500,1.28221,0.520565,-3722,649,2,13,24
242000,0.520972,0.432668,-3726,653,2,13,41
242500,0.231633,0.12769,-3729,657,2,13,57
243000,0.5657,0.456916,-3731,661,2,14,14
243500,-0.812246,-0.767253,-3734,665,2,14,30
244000,0.334949,0.334862,-3737,669,2,14,47
244500,0.363733,0.134754,-3741,672,2,15,3
245000,0.968182,0.530856,-3742,677,2,15,20
245500,0.311684,0.109132,-3742,683,2,15,36
246000,0.0341995,-0.0206918,-3745,687,2,15,53
246500,0.381101,0.103388,-3744,693,2,16,10
247000,0.437775,0.263463,-3747,697,2,16,26
247500,-0.553348,-0.49067,-3748,702,2,16,43
248000,0.471231,0.139255,-3750,707,2,16,59
248500,0.171981,0.0486266,-3750,713,2,17,16
249000,0.282063,0.0635114,-3751,718,2,17,32
249500,0.275721,-0.00694139,-3750,725,2,17,49
250000,-0.0168637,0.0537216,-3756,727,2,18,6
250500,-0.558752,-0.816238,-3754,734,2,18,22
251000,0.338415,0.289764,-3757,738,2,18,39
251500,-0.568995,-0.562672,-3763,740,2,18,55
252000,0.0641636,0.0466499,-3765,745,2,19,12
252500,0.164622,-0.0768457,-3764,751,2,19,28
253000,0.43241,-0.0432839,-3759,760,2,19,45
253500,1.54585,0.614775,-3756,767,2,20,2
254000,-0.733075,-0.793531,-3759,771,2,20,18
254500,0.246212,0.246209,-3759,777,2,20,35
255000,0.507251,0.363853,-3763,780,2,20,51
255500,0.32064,0.234961,-3764,785,2,21,8
256000,0.0641118,0.0413886,-3761,792,2,21,24
256500,-0.0303403,0.0462518,-3765,796,2,21,41
257000,0.230682,-0.143085,-3767,800,2,21,57
257500,-0.0637378,-0.202489,-3769,804,2,22,14
258000,0.399242,-0.0791086,-3772,808,2,22,30
258500,0.255875,0.179608,-3771,815,2,22,47
259000,0.468779,-0.0736977,-3770,821,2,23,3
259500,0.92425,0.144847,-3770,827,2,23,20
260000,-0.454369,-0.558478,-3778,828,2,23,37
260500,0.635439,0.232724,-3776,835,2,23,53
261000,0.139661,0.0881984,-3774,842,2,24,10
261500,0.246335,0.209681,-3776,847,2,24,27
262000,-0.647369,-0.992873,-3773,854,2,24,43
262500,0.578241,0.38815,-3771,861,2,25,0
263000,0.486153,0.342962,-3772,866,2,25,16
263500,0.186954,0.15938,-3770,873,2,25,33
264000,-0.723909,-0.803149,-3772,877,2,25,49
264500,0.0585653,-0.0375832,-3774,882,2,26,6
265000,0.581936,0.0764629,-3774,888,2,26,22
265500,0.39921,0.22469,-3771,896,2,26,39
266000,0.00577694,-0.0546702,-3771,902,2,26,55
266500,-0.679486,-0.794245,-3771,908,2,27,12
267000,0.859908,0.287113,-3772,913,2,27,28
267500,0.270144,-0.205807,-3766,923,2,27,45
268000,0.0612343,0.0442403,-3767,929,2,28,1
268500,-0.203057,-0.30248,-3763,937,2,28,18
269000,0.388073,-0.0838002,-3759,945,2,28,35
269500,0.546771,0.122853,-3759,951,2,28,51
270000,0.813191,0.564404,-3761,955,2,29,8
270500,1.06832,0.342437,-3759,962,2,29,25
271000,-0.0319016,-0.183918,-3754,971,2,29,41
271500,0.419936,0.403613,-3752,978,2,29,58
272000,-0.600738,-0.77022,-3752,984,2,30,14
272500,0.260373,0.0497242,-3746,993,2,30,31
273000,0.507144,0.397822,-3744,1001,2,30,47
273500,0.0789121,0.0492662,-3739,1010,2,31,4
274000,0.298943,0.343092,-3737,1017,2,31,20
274500,1.1616,0.691828,-3741,1020,2,31,37
275000,0.472235,0.394661,-3737,1029,2,31,53
275500,0.654736,0.106216,-3734,1036,2,32,10
276000,0.616545,0.370124,-3736,1041,2,32,27
276500,-0.451226,-0.480901,-3734,1048,2,32,43
277000,0.513713,0.428261,-3740,1050,2,33,0
277500,0.247682,0.210472,-3737,1058,2,33,16
278000,0.0704524,0.0230745,-3735,1065,2,33,33
278500,-0.617827,-0.854224,-3731,1073,2,33,49
279000,-0.40185,-0.433318,-3736,1076,2,34,6
279500,-0.452437,-0.735359,-3736,1082,2,34,22
280000,0.658473,0.188715,-3729,1092,2,34,39
280500,-0.0995786,-0.538612,-3728,1098,2,34,56
281000,0.502923,0.100273,-3728,1104,2,35,12
281500,0.527371,0.261474,-3726,1112,2,35,29
282000,0.345574,0.22279,-3726,1118,2,35,45
282500,-0.700877,-0.696671,-3724,1125,2,36,2
283000,-0.741963,-0.848703,-3726,1130,2,36,18
283500,0.370371,-0.207576,-3722,1138,2,36,35
284000,0.724447,0.448081,-3719,1146,2,36,52
284500,0.114107,0.129402,-3720,1152,2,37,8
285000,0.061548,-0.0561636,-3721,1157,2,37,25
285500,-0.660013,-0.630437,-3721,1163,2,37,41
286000,-0.454899,-0.425156,-3721,1169,2,37,58
286500,-0.558565,-0.574101,-3721,1175,2,38,14
287000,0.853399,0.296425,-3721,1181,2,38,31
287500,0.132249,0.170677,-3718,1189,2,38,47
288000,0.564679,0.150146,-3718,1194,2,39,4
288500,-0.0131098,-0.0946136,-3720,1199,2,39,20
289000,0.459862,0.338949,-3719,1205,2,39,37
289500,-0.518246,-0.521326,-3718,1212,2,39,53
290000,0.293194,-0.266413,-3714,1220,2,40,11
290500,0.743414,0.709027,-3711,1228,2,40,27
291000,0.307836,0.127193,-3708,1235,2,40,44
291500,0.306898,0.239652,-3706,1242,2,41,0
292000,-0.45709,-0.820791,-3703,1249,2,41,17
292500,0.482167,0.144587,-3700,1257,2,41,33
293000,-0.359079,-0.568532,-3699,1264,2,41,50
293500,0.849251,0.819384,-3702,1268,2,42,6
294000,-0.540126,-0.559775,-3701,1274,2,42,23
294500,0.587798,0.590088,-3701,1280,2,42,39
295000,0.851316,0.804333,-3698,1288,2,42,56
295500,0.121451,0.0675876,-3697,1294,2,43,12
296000,0.105677,-0.034325,-3696,1300,2,43,29
296500,-0.0289884,-0.149279,-3696,1306,2,43,45
297000,0.592085,0.0342545,-3699,1310,2,44,2
297500,0.210686,-0.0647591,-3690,1321,2,44,19
298000,-0.638808,-0.671239,-3692,1326,2,44,35
298500,-0.0508783,-0.24348,-3696,1329,2,44,52
299000,1.48244,1.01534,-3697,1335,2,45,8
299500,-0.275625,-0.365437,-3695,1342,2,45,25
300000,0.47298,-0.00657401,-3693,1349,2,45,42
300500,0.673434,0.61684,-3690,1357,2,45,58
301000,-0.433075,-0.493572,-3691,1362,2,46,15
301500,-0.631494,-0.817423,-3688,1370,2,46,31
302000,0.0484386,-0.0134381,-3688,1376,2,46,48
302500,-0.899389,-0.814785,-3684,1385,2,47,4
303000,1.14425,1.03368,-3686,1389,2,47,21
303500,1.09758,0.927448,-3683,1397,2,47,37
304000,0.960357,0.495073,-3682,1403,2,47,54
304500,0.611906,0.63994,-3684,1408,2,48,10
305000,-0.184081,-0.396679,-3679,1416,2,48,27
305500,1.58473,1.08181,-3674,1425,2,48,43
306000,-0.264389,-0.511035,-3670,1433,2,49,0
306500,0.81771,0.743427,-3673,1437,2,49,16
307000,0.0320318,-0.383411,-3664,1448,2,49,33
307500,0.843689,0.52626,-3667,1452,2,49,50
308000,0.728308,0.754969,-3667,1458,2,50,6
308500,-0.051158,0.21294,-3665,1465,2,50,23
309000,1.12432,0.634702,-3664,1471,2,50,39
309500,0.660571,0.663658,-3666,1476,2,50,56
310000,-0.0963408,-0.233002,-3667,1481,2,51,13
310500,-0.591863,-0.579598,-3670,1485,2,51,29
311000,-0.218764,-0.234047,-3673,1489,2,51,46
311500,0.215169,-0.119316,-3669,1497,2,52,2
312000,-1.29823,-1.24721,-3672,1501,2,52,19
312500,1.24599,1.13312,-3678,1503,2,52,35
313000,1.44684,1.23873,-3677,1509,2,52,52
313500,-0.532832,-0.668081,-3670,1519,2,53,8
314000,0.00962714,-0.0571735,-3672,1524,2,53,25
314500,0.388335,0.0768097,-3671,1530,2,53,41
315000,0.8849,0.394538,-3673,1534,2,53,58
315500,-0.69825,-0.69577,-3671,1541,2,54,15
316000,0.53432,0.254394,-3665,1550,2,54,31
316500,1.04198,0.958025,-3668,1554,2,54,48
317000,0.516427,0.345154,-3664,1562,2,55,4
317500,0.449698,0.147295,-3665,1567,2,55,21
318000,0.885976,0.9607,-3661,1575,2,55,37
318500,1.24442,1.14972,-3669,1576,2,55,54
319000,0.558192,0.203387,-3671,1580,2,56,10
319500,-0.694169,-0.666572,-3672,1585,2,56,27
320000,-0.287317,-0.687644,-3671,1591,2,56,44
320500,0.518581,-0.0126041,-3677,1593,2,57,0
321000,0.580393,0.498275,-3677,1599,2,57,17
321500,1.36483,0.881614,-3678,1604,2,57,33
322000,1.37471,0.718708,-3679,1609,2,57,50
322500,1.1456,0.775427,-3681,1613,2,58,6
323000,0.702997,0.532553,-3679,1620,2,58,23
323500,0.00334117,-0.139294,-3678,1626,2,58,40
324000,1.12566,0.844854,-3679,1631,2,58,56
324500,-0.725618,-0.711299,-3681,1636,2,59,13
325000,1.12648,0.846178,-3684,1640,2,59,29
325500,0.712731,0.597544,-3684,1646,2,59,46
326000,-0.385095,-0.374996,-3681,1654,3,0,2
326500,-0.543343,-0.62572,-3685,1657,3,0,19
327000,0.397828,0.512249,-3688,1661,3,0,35
327500,-0.380538,-0.33466,-3687,1668,3,0,52
328000,-0.275687,-0.465909,-3689,1672,3,1,8
328500,0.946676,0.737693,-3689,1678,3,1,25
329000,1.28266,0.940188,-3688,1684,3,1,41
329500,0.605837,0.631203,-3690,1689,3,1,58
330000,0.867354,0.692132,-3691,1694,3,2,15
330500,-0.638024,-0.739549,-3692,1699,3,2,31
331000,1.03171,0.963947,-3695,1703,3,2,48
331500,0.200751,-0.0211724,-3696,1708,3,3,5
332000,0.716162,0.656355,-3696,1714,3,3,21
332500,-0.562683,-0.827009,-3696,1719,3,3,38
333000,0.363778,0.11131,-3697,1724,3,3,54
333500,0.185288,-0.0156703,-3696,1731,3,4,11
334000,0.0520258,0.0656592,-3696,1737,3,4,27
334500,-0.11243,-0.0927244,-3692,1745,3,4,44
335000,0.0245553,0.010419,-3693,1750,3,5,0
335500,-0.107071,-0.354103,-3695,1754,3,5,17
336000,0.367625,0.250448,-3693,1761,3,5,33
336500,0.615183,0.308906,-3695,1765,3,5,50
337000,-0.893922,-0.94272,-3691,1773,3,6,6
337500,-0.506851,-0.535289,-3694,1777,3,6,23
338000,1.04256,0.675213,-3696,1781,3,6,40
338500,-0.641739,-0.67561,-3697,1786,3,6,56
339000,-0.889139,-0.964866,-3703,1788,3,7,13
339500,0.00310649,0.109727,-3705,1793,3,7,29
340000,0.625875,0.537912,-3713,1794,3,7,46
340500,0.356744,0.195597,-3715,1799,3,8,3
341000,-0.23154,-0.222668,-3716,1804,3,8,19
341500,-0.159436,-0.407793,-3717,1809,3,8,36
342000,-0.274255,-0.365461,-3713,1817,3,8,52
342500,-0.264899,-0.343589,-3715,1822,3,9,9
343000,0.482907,0.369881,-3716,1827,3,9,25
343500,-0.121267,-0.543975,-3714,1834,3,9,42
344000,-0.197201,-0.236644,-3712,1841,3,9,58
344500,0.291788,0.0674433,-3714,1845,3,10,15
345000,0.446709,0.0447911,-3718,1848,3,10,31
345500,0.404769,0.326449,-3720,1853,3,10,48
346000,-0.173031,0.0189291,-3721,1858,3,11,4
346500,-0.57825,-0.821727,-3721,1863,3,11,21
347000,-0.205743,-0.272242,-3719,1870,3,11,38
347500,0.836448,0.544428,-3720,1875,3,11,54
348000,0.833134,0.536039,-3720,1881,3,12,11
348500,0.295145,-0.269976,-3721,1886,3,12,27
349000,-0.550613,-0.489822,-3723,1891,3,12,44
349500,0.593244,0.585273,-3724,1897,3,13,0
350000,-0.713331,-0.847545,-3725,1902,3,13,17
350500,0.169657,0.053448,-3725,1908,3,13,34
351000,-0.771995,-0.884655,-3725,1914,3,13,50
351500,0.712571,0.807196,-3723,1921,3,14,7
352000,-0.000786014,0.0174212,-3722,1928,3,14,23
352500,-1.07888,-1.08776,-3721,1934,3,14,40
353000,0.866752,0.882366,-3724,1938,3,14,56
353500,-0.235437,-0.363699,-3724,1944,3,15,13
354000,0.498388,0.475566,-3724,1950,3,15,29
354500,0.905328,0.806489,-3724,1955,3,15,46
355000,0.285299,0.172333,-3726,1960,3,16,3
355500,0.564734,0.525273,-3726,1966,3,16,19
356000,-0.486472,-0.450971,-3727,1972,3,16,36
356500,0.919496,0.441142,-3729,1976,3,16,52
357000,-0.460927,-0.540432,-3727,1984,3,17,9
357500,0.195597,0.101873,-3730,1988,3,17,25
358000,-0.769647,-0.740207,-3729,1994,3,17,42
358500,-0.339964,-0.362007,-3730,2000,3,17,58
359000,0.836685,0.571526,-3730,2005,3,18,15
359500,0.397676,0.313463,-3730,2012,3,18,31
360000,0.482203,0.43894,-3729,2019,3,18,48
360500,-0.100668,-0.0747109,-3728,2025,3,19,5
361000,1.08388,0.748285,-3729,2030,3,19,21
361500,-0.326882,-0.298241,-3735,2032,3,19,38
362000,-0.59864,-0.693162,-3738,2036,3,19,54
362500,-0.478564,-0.436977,-3738,2042,3,20,11
363000,-0.473939,-0.500488,-3736,2049,3,20,28
363500,0.158635,-0.0254662,-3737,2054,3,20,44
364000,-0.649385,-0.671418,-3743,2056,3,21,1
364500,0.59565,0.516626,-3746,2060,3,21,17
365000,0.469624,0.369921,-3746,2066,3,21,34
365500,-0.588454,-0.65558,-3748,2070,3,21,50
366000,-0.375023,-0.394172,-3748,2076,3,22,7
366500,-0.232071,-0.351547,-3754,2078,3,22,23
367000,-0.499915,-0.541424,-3757,2082,3,22,40
367500,0.568463,0.490955,-3757,2088,3,22,56
368000,0.593504,0.59308,-3761,2091,3,23,13
368500,0.237004,0.177328,-3767,2093,3,23,29
369000,0.198121,0.18805,-3768,2098,3,23,46
369500,0.511923,0.310035,-3771,2102,3,24,2
370000,1.05917,0.588599,-3775,2105,3,24,19
370500,1.38782,0.563492,-3775,2111,3,24,36
371000,-0.900637,-0.931055,-3780,2115,3,24,53
371500,-0.000664466,-0.215141,-3784,2118,3,25,9
372000,-0.154709,-0.239321,-3786,2123,3,25,26
372500,-0.0790727,-0.261531,-3790,2126,3,25,42
373000,0.646047,0.528318,-3793,2130,3,25,59
373500,0.319197,0.308475,-3791,2137,3,26,15
374000,-0.395426,-0.481446,-3795,2140,3,26,32
374500,-0.0757043,-0.199193,-3798,2144,3,26,48
375000,0.385782,0.345752,-3798,2150,3,27,5
375500,-0.410317,-0.324592,-3802,2153,3,27,21
376000,-0.32663,-0.340443,-3810,2154,3,27,38
376500,-0.0878218,-0.174601,-3814,2157,3,27,54
377000,0.00521685,-0.0575995,-3818,2160,3,28,11
377500,-0.815358,-0.660681,-3817,2166,3,28,27
378000,0.328206,0.278921,-3825,2167,3,28,44
378500,0.353556,0.333057,-3829,2170,3,29,1
379000,-0.338974,-0.369163,-3835,2172,3,29,17
379500,-0.812958,-0.790192,-3841,2174,3,29,34
380000,-0.0466765,-0.501942,-3846,2176,3,29,51
380500,-0.255592,-0.358435,-3848,2181,3,30,7
381000,-0.306403,-0.365984,-3851,2185,3,30,24
381500,0.241633,0.139934,-3857,2187,3,30,40
382000,0.505512,0.386024,-3857,2193,3,30,57
382500,1.30913,0.638009,-3861,2196,3,31,13
383000,-0.346153,-0.375998,-3861,2202,3,31,30
383500,0.527227,0.377295,-3862,2207,3,31,46
384000,0.0963434,0.0838062,-3862,2213,3,32,3
384500,-0.296273,-0.320607,-3867,2216,3,32,19
385000,0.152233,0.29817,-3871,2219,3,32,36
385500,0.287186,0.220164,-3875,2222,3,32,52
386000,0.153576,0.219459,-3878,2226,3,33,9
386500,0.948469,0.482123,-3878,2231,3,33,26
387000,-0.0992685,-0.149261,-3880,2236,3,33,42
387500,0.68532,0.303237,-3880,2241,3,33,59
388000,-0.955759,-0.888691,-3882,2246,3,34,15
388500,0.122172,0.131926,-3887,2249,3,34,32
389000,-0.0357321,-0.146505,-3888,2254,3,34,48
389500,-0.604593,-0.697938,-3892,2257,3,35,5
390000,-0.0545065,-0.0683037,-3897,2260,3,35,22
390500,0.30288,0.14654,-3895,2266,3,35,38
391000,0.15421,0.0107692,-3899,2270,3,35,55
391500,-0.879189,-0.85302,-3900,2275,3,36,11
392000,-0.448623,-0.515807,-3901,2281,3,36,28
392500,-0.0459195,-0.252232,-3905,2284,3,36,44
393000,0.518683,0.372838,-3908,2288,3,37,1
393500,-0.336309,-0.341828,-3913,2291,3,37,17
394000,-0.615956,-0.611587,-3918,2294,3,37,34
394500,0.135802,-0.185967,-3920,2298,3,37,51
395000,0.826377,0.488378,-3924,2301,3,38,7
395500,-0.35393,-0.392294,-3927,2305,3,38,24
396000,-0.341793,-0.398115,-3932,2308,3,38,40
396500,0.221055,0.17003,-3937,2311,3,38,57
397000,-0.3006,-0.754972,-3941,2314,3,39,13
397500,0.0409508,0.0190107,-3940,2321,3,39,30
398000,-0.203094,-0.248102,-3943,2325,3,39,46
398500,0.270462,0.0229061,-3948,2328,3,40,3
399000,0.155173,0.0934902,-3953,2331,3,40,19
399500,0.169007,0.107037,-3962,2331,3,40,36
400000,-1.04036,-1.01382,-3964,2336,3,40,53
400500,-0.680556,-0.771833,-3968,2339,3,41,9
401000,0.398797,-0.15299,-3969,2345,3,41,26
401500,-0.166925,-0.207055,-3975,2347,3,41,42
402000,-0.834777,-0.708035,-3978,2351,3,41,59
402500,0.0400265,-0.122494,-3981,2355,3,42,16
403000,0.0697148,-0.02651,-3984,2359,3,42,32
403500,-0.122423,-0.300852,-3988,2362,3,42,49
404000,-0.00647373,-0.0684061,-3986,2370,3,43,5
404500,-0.651759,-0.762738,-3985,2376,3,43,22
405000,-0.744583,-0.906037,-3992,2377,3,43,38
405500,0.954407,0.370926,-3998,2379,3,43,55
406000,-0.290541,-0.314624,-3996,2386,3,44,11
406500,-0.202522,-0.23013,-3996,2392,3,44,28
407000,-0.607228,-0.61401,-3997,2397,3,44,44
407500,-0.193567,-0.29689,-4003,2399,3,45,1
408000,-0.521975,-0.690611,-4004,2404,3,45,17
408500,0.0433263,-0.219055,-4010,2406,3,45,34
409000,-0.136122,-0.694738,-4016,2408,3,45,50
409500,-0.670205,-0.565206,-4022,2410,3,46,7
410000,0.406555,-0.177152,-4028,2412,3,46,24
410500,0.473934,0.227819,-4031,2416,3,46,40
411000,-0.290714,-0.394451,-4034,2420,3,46,57
411500,-1.71515,-1.29825,-4034,2426,3,47,14
412000,-0.637699,-0.575858,-4036,2431,3,47,30
412500,0.394498,0.42716,-4038,2435,3,47,47
413000,-0.580131,-0.576938,-4040,2440,3,48,3
413500,-0.184552,-0.362888,-4044,2443,3,48,20
414000,-0.737075,-0.706896,-4044,2449,3,48,36
414500,-0.789162,-0.742829,-4045,2454,3,48,53
415000,0.0706771,-0.202376,-4048,2458,3,49,9
415500,0.101835,-0.189708,-4052,2461,3,49,26
416000,-0.398018,-0.403156,-4055,2465,3,49,42
416500,0.262567,0.156769,-4061,2467,3,49,59
417000,-0.392842,-0.359035,-4060,2474,3,50,15
417500,-1.01439,-1.03381,-4062,2478,3,50,32
418000,0.203017,0.138447,-4068,2480,3,50,49
418500,-0.390013,-0.555541,-4073,2483,3,51,5
419000,-0.912422,-0.714671,-4077,2486,3,51,22
419500,-0.966733,-0.938714,-4078,2491,3,51,38
420000,0.263545,0.150319,-4080,2496,3,51,55
420500,0.233131,-0.0194066,-4083,2500,3,52,12
421000,0.395815,0.274435,-4083,2506,3,52,28
421500,0.273834,0.0504352,-4085,2510,3,52,45
422000,-1.58506,-0.972097,-4085,2516,3,53,1
422500,-0.361761,-0.450595,-4087,2521,3,53,18
423000,-0.255847,-0.25361,-4091,2525,3,53,34
423500,-0.455265,-0.492561,-4096,2528,3,53,51
424000,-0.6952,-0.913004,-4096,2533,3,54,7
424500,-0.000801957,-0.116056,-4096,2539,3,54,24
425000,-0.113736,-0.107874,-4098,2543,3,54,40
425500,0.44844,-0.117319,-4102,2546,3,54,57
426000,-0.419035,-0.5302,-4104,2551,3,55,13
426500,-0.416207,-0.426988,-4110,2553,3,55,30
427000,0.427765,0.323652,-4115,2555,3,55,47
427500,0.0786276,-0.0571621,-4119,2559,3,56,3
428000,0.52582,0.387106,-4118,2565,3,56,20
428500,-0.530837,-0.859678,-4121,2569,3,56,36
429000,-0.625131,-0.79477,-4122,2574,3,56,53
429500,0.645995,0.595671,-4126,2577,3,57,9
430000,-0.543015,-0.455075,-4129,2581,3,57,26
430500,0.0473131,0.0128167,-4128,2588,3,57,43
431000,-0.518119,-0.724488,-4129,2593,3,57,59
431500,-0.797545,-0.964555,-4130,2598,3,58,16
432000,0.139358,0.102099,-4133,2602,3,58,32
432500,-0.314344,-0.424901,-4135,2606,3,58,49
433000,0.215671,0.268972,-4140,2609,3,59,5
433500,-0.420197,-0.480956,-4141,2614,3,59,22
434000,-0.0604934,-0.08578,-4146,2617,3,59,39
434500,-0.744413,-0.710573,-4150,2620,3,59,55
435000,-0.125979,-0.280715,-4151,2625,4,0,12
435500,0.091502,-0.0840055,-4154,2629,4,0,28
436000,-0.439056,-0.756223,-4157,2633,4,0,45
436500,-0.378822,-0.46124,-4160,2637,4,1,1
437000,0.197196,-0.121557,-4162,2641,4,1,18
437500,0.275648,0.261249,-4163,2646,4,1,34
438000,-0.844492,-0.814479,-4163,2652,4,1,51
438500,-0.404526,-0.525232,-4163,2658,4,2,7
439000,-0.0693281,-0.111062,-4166,2662,4,2,24
439500,-0.569473,-0.550136,-4163,2670,4,2,40
440000,-0.337995,-0.424866,-4163,2676,4,2,57
440500,-0.3011,-0.890158,-4167,2679,4,3,14
441000,0.196614,0.114514,-4165,2687,4,3,30
441500,-0.838144,-1.12384,-4165,2692,4,3,47
442000,-0.094523,-0.143933,-4169,2696,4,4,4
442500,0.476606,0.320253,-4171,2700,4,4,20
443000,0.0176799,-0.026039,-4168,2708,4,4,37
443500,-0.809715,-0.923587,-4172,2711,4,4,53
444000,-0.350185,-0.853676,-4178,2713,4,5,10
444500,-0.442586,-0.707183,-4177,2719,4,5,26
445000,-0.0122686,-0.107622,-4183,2721,4,5,43
445500,-1.31452,-1.06068,-4184,2726,4,5,59
446000,-0.0383619,-0.299264,-4187,2730,4,6,16
446500,0.0545578,-0.00209192,-4192,2733,4,6,32
447000,-0.290238,-0.445175,-4196,2736,4,6,49
447500,-0.464108,-0.591916,-4200,2739,4,7,5
448000,-0.377183,-0.39827,-4199,2745,4,7,22
448500,0.281468,0.200731,-4197,2752,4,7,38
449000,0.46184,0.418458,-4198,2757,4,7,55
449500,0.0624303,0.0220895,-4201,2761,4,8,12
450000,-0.75297,-0.738432,-4207,2763,4,8,29
450500,-0.870853,-0.788466,-4210,2767,4,8,45
451000,0.121833,-0.0804156,-4213,2771,4,9,2
451500,-0.370708,-0.360359,-4209,2780,4,9,18
452000,0.392684,0.332768,-4214,2782,4,9,35
452500,-0.590651,-0.801254,-4217,2786,4,9,51
453000,0.148061,-0.173909,-4221,2789,4,10,8
453500,-0.177379,-0.439114,-4225,2792,4,10,24
454000,-0.668908,-0.746252,-4223,2799,4,10,41
454500,-0.720805,-1.03128,-4224,2804,4,10,57
455000,-0.134148,-0.331287,-4227,2808,4,11,14
455500,-0.39957,-0.539054,-4232,2811,4,11,30
456000,-0.590162,-0.927144,-4236,2814,4,11,47
456500,-0.550404,-0.619854,-4238,2819,4,12,3
457000,0.44117,0.301139,-4241,2823,4,12,20
457500,-0.566919,-0.761577,-4243,2827,4,12,37
458000,-0.47564,-0.534486,-4249,2829,4,12,53
458500,0.308825,0.219362,-4256,2830,4,13,10
459000,0.32339,0.190581,-4262,2832,4,13,26
459500,-0.488187,-0.54719,-4266,2835,4,13,43
460000,0.381317,0.216192,-4270,2838,4,14,0
460500,-0.446666,-0.444687,-4272,2842,4,14,16
461000,-0.363944,-0.386473,-4277,2845,4,14,33
461500,0.115809,0.121838,-4282,2848,4,14,49
462000,0.580012,0.138636,-4284,2852,4,15,6
462500,0.0262999,-0.360974,-4282,2859,4,15,22
463000,-0.385928,-0.348882,-4287,2862,4,15,39
463500,0.238382,0.186648,-4288,2867,4,15,55
464000,0.165557,0.112825,-4291,2871,4,16,12
464500,0.395743,0.354653,-4287,2879,4,16,28
465000,0.181467,0.14545,-4289,2883,4,16,45
465500,-0.817129,-0.737666,-4287,2890,4,17,2
466000,0.373914,0.064254,-4288,2895,4,17,18
466500,-0.707157,-0.627438,-4289,2900,4,17,35
467000,0.23456,-0.00196334,-4285,2908,4,17,51
467500,-1.25121,-1.15864,-4284,2914,4,18,8
468000,0.252454,0.13187,-4287,2918,4,18,24
468500,0.0765181,-0.52717,-4291,2921,4,18,41
469000,0.140443,-0.388524,-4291,2927,4,18,57
469500,0.129346,-0.0723735,-4294,2931,4,19,14
470000,-0.667316,-0.67119,-4289,2940,4,19,31
470500,0.244463,0.161153,-4288,2947,4,19,47
471000,-0.566898,-0.66869,-4286,2954,4,20,4
471500,-0.457162,-0.490695,-4290,2958,4,20,20
472000,0.198833,0.216774,-4293,2962,4,20,37
472500,-0.261064,-0.313702,-4297,2965,4,20,53
473000,-0.330347,-0.358414,-4299,2970,4,21,10
473500,-0.350071,-0.328872,-4303,2973,4,21,27
474000,0.163511,0.127844,-4304,2978,4,21,43
474500,-0.482796,-0.609218,-4300,2986,4,22,0
475000,0.415072,0.383198,-4304,2989,4,22,16
475500,-0.107494,-0.270458,-4300,2997,4,22,33
476000,-0.662048,-0.994103,-4301,3002,4,22,49
476500,0.566156,0.343017,-4292,3013,4,23,6
477000,-0.742737,-0.96758,-4291,3019,4,23,22
477500,-0.446325,-0.44873,-4294,3023,4,23,39
478000,0.637053,0.486716,-4293,3029,4,23,55
478500,-0.314442,-0.467047,-4288,3038,4,24,12
479000,0.569909,-0.0841253,-4285,3046,4,24,28
479500,1.12163,0.43835,-4282,3054,4,24,45
480000,-0.441272,-0.605639,-4277,3063,4,25,2
480500,0.247486,0.00552034,-4276,3070,4,25,18
481000,-0.823417,-0.731837,-4276,3075,4,25,35
481500,-0.448471,-0.354914,-4273,3083,4,25,52
482000,-0.134223,0.147045,-4270,3091,4,26,8
482500,-0.365863,-0.607754,-4266,3099,4,26,25
483000,0.371351,-0.0430834,-4259,3109,4,26,41
483500,0.157563,-0.231772,-4253,3118,4,26,58
484000,0.513038,0.373701,-4255,3123,4,27,14
484500,-0.414546,-0.482154,-4255,3129,4,27,31
485000,-0.0480622,-0.099862,-4251,3138,4,27,47
485500,-0.441745,-0.580186,-4251,3144,4,28,4
486000,0.541374,0.443085,-4242,3155,4,28,20
486500,-0.299207,-0.348528,-4240,3162,4,28,37
487000,-0.809947,-0.945493,-4234,3171,4,28,53
487500,-0.652137,-0.803461,-4230,3180,4,29,10
488000,-0.435964,-0.453393,-4228,3187,4,29,27
488500,-0.75784,-0.93049,-4229,3192,4,29,43
489000,0.906911,0.539373,-4225,3200,4,30,0
489500,-0.655728,-0.00525682,-4223,3208,4,30,16
490000,0.124308,-0.297369,-4220,3215,4,30,33
490500,0.15328,-0.0140445,-4216,3223,4,30,50
491000,0.368242,0.292342,-4210,3233,4,31,6
491500,0.883379,0.744348,-4205,3242,4,31,23
492000,0.713896,0.160805,-4201,3250,4,31,39
492500,-0.208318,-0.37553,-4202,3256,4,31,56
493000,0.37972,0.230888,-4193,3267,4,32,12
493500,0.722229,0.436983,-4186,3277,4,32,29
494000,1.23969,1.19622,-4184,3284,4,32,45
494500,0.47945,0.391204,-4173,3297,4,33,2
495000,0.0430821,0.0285732,-4166,3307,4,33,18
495500,1.20055,0.782417,-4161,3316,4,33,35
496000,0.297693,0.164175,-4155,3326,4,33,51
496500,0.0933894,-0.355567,-4149,3336,4,34,8
497000,0.714385,0.496558,-4146,3344,4,34,24
497500,1.07212,0.620244,-4139,3354,4,34,41
498000,0.431385,0.2566,-4129,3366,4,34,58
498500,-0.297427,-0.388387,-4123,3376,4,35,14
499000,-0.341477,-0.510787,-4120,3383,4,35,31
499500,-0.518179,-0.709686,-4113,3393,4,35,47
500000,-0.0992125,-0.236888,-4108,3402,4,36,4
500500,-2.03881,-1.08685,-4109,3407,4,36,21
501000,0.0621224,-0.264636,-4106,3415,4,36,37
501500,-1.17724,-0.968021,-4100,3424,4,36,54
502000,-0.821437,-0.965938,-4093,3434,4,37,10
502500,0.875367,0.205739,-4089,3442,4,37,27
503000,-0.369979,-0.49056,-4083,3452,4,37,43
503500,-0.767816,-0.863482,-4075,3462,4,38,0
504000,0.854535,-0.24384,-4068,3472,4,38,16
504500,0.111753,-0.00154391,-4066,3479,4,38,33
505000,-0.37158,-0.571181,-4061,3488,4,38,49
505500,1.19767,0.956027,-4055,3498,4,39,6
506000,1.46617,1.11257,-4050,3507,4,39,23
506500,0.00508863,-0.103872,-4042,3518,4,39,39
507000,-0.313552,-0.402984,-4040,3525,4,39,56
507500,0.117486,-0.186891,-4031,3536,4,40,12
508000,0.974926,0.855941,-4024,3546,4,40,29
508500,-0.836911,-0.908557,-4020,3554,4,40,45
509000,0.464073,0.215262,-4015,3563,4,41,2
509500,0.847215,0.748149,-4012,3571,4,41,18
510000,0.467268,-0.330467,-4009,3578,4,41,35
510500,-0.615285,-0.820493,-4002,3588,4,41,52
511000,-0.17628,0.0384575,-4003,3594,4,42,8
511500,0.507926,0.0448635,-3993,3605,4,42,25
512000,0.844787,0.707848,-3988,3614,4,42,41
512500,0.550741,-0.186298,-3982,3623,4,42,58
513000,0.396222,0.0685631,-3978,3631,4,43,14
513500,0.323366,-0.0669893,-3975,3639,4,43,31
514000,1.20748,1.06343,-3970,3648,4,43,48
514500,0.902374,0.644211,-3961,3659,4,44,4
515000,-0.545858,-0.728907,-3949,3672,4,44,21
515500,-0.474692,-0.727992,-3942,3682,4,44,37
516000,0.992031,0.523692,-3938,3690,4,44,54
516500,0.833974,0.234124,-3928,3702,4,45,10
517000,1.07959,0.776161,-3917,3714,4,45,27
517500,1.78701,1.44082,-3906,3726,4,45,43
518000,1.24879,1.27888,-3897,3737,4,46,0
518500,0.592506,0.0110597,-3890,3747,4,46,16
519000,1.57975,1.70405,-3884,3756,4,46,33
519500,0.0525127,-0.121215,-3878,3765,4,46,49
520000,1.45889,0.699683,-3870,3775,4,47,6
520500,0.758899,0.592506,-3860,3787,4,47,23
521000,1.41668,0.688326,-3852,3797,4,47,39
521500,1.61116,1.42165,-3847,3806,4,47,56
522000,0.417342,-0.702421,-3838,3817,4,48,12
522500,-0.167861,-0.341371,-3830,3828,4,48,29
523000,1.35832,1.28167,-3824,3837,4,48,46
523500,0.604257,0.0649998,-3817,3847,4,49,2
524000,1.12686,0.273436,-3806,3859,4,49,19
524500,0.504274,0.392895,-3794,3872,4,49,35
525000,1.68742,1.66704,-3784,3884,4,49,52
525500,0.601323,0.510193,-3778,3893,4,50,8
526000,0.68421,0.313996,-3769,3904,4,50,25
526500,-0.553219,-0.808092,-3757,3917,4,50,41
527000,2.13854,1.84607,-3748,3928,4,50,58
527500,1.2648,1.09538,-3742,3938,4,51,14
528000,2.09543,1.41615,-3732,3950,4,51,31
528500,1.339,0.563778,-3726,3959,4,51,47
529000,1.264,1.11871,-3721,3968,4,52,4
529500,0.341019,0.0146266,-3714,3978,4,52,20
530000,0.862411,0.42537,-3705,3989,4,52,38
530500,-0.415772,-0.680598,-3701,3997,4,52,54
531000,1.04545,0.402706,-3692,4008,4,53,11
531500,0.996269,0.77269,-3681,4020,4,53,27
532000,1.04321,0.969107,-3676,4029,4,53,44
532500,1.35727,0.142453,-3667,4040,4,54,0
533000,0.30344,-0.883726,-3656,4052,4,54,17
533500,1.11893,0.99048,-3653,4060,4,54,33
534000,-0.739703,-0.964005,-3645,4070,4,54,50
534500,1.70064,1.55055,-3640,4079,4,55,6
535000,0.272179,0.148561,-3636,4087,4,55,23
535500,1.3273,1.04607,-3626,4099,4,55,39
536000,1.24396,0.375402,-3615,4111,4,55,56
536500,0.165984,-0.296258,-3605,4123,4,56,12
537000,1.71697,0.410699,-3594,4135,4,56,29
537500,2.30642,1.12423,-3587,4145,4,56,46
538000,1.25676,1.08558,-3579,4156,4,57,2
538500,1.56278,1.3234,-3574,4165,4,57,19
539000,1.46388,0.475505,-3564,4177,4,57,35
539500,1.44681,0.527555,-3560,4185,4,57,52
540000,0.0145871,-0.539258,-3550,4197,4,58,9
540500,2.46811,1.94604,-3542,4207,4,58,25
541000,1.791,1.64326,-3535,4217,4,58,42
541500,1.25964,0.558596,-3523,4230,4,58,58
542000,1.29484,0.586274,-3515,4241,4,59,15
542500,1.48288,1.23688,-3504,4253,4,59,31
543000,1.16129,0.809078,-3493,4265,4,59,48
543500,1.15591,0.803771,-3488,4274,5,0,4
544000,2.57395,1.70936,-3480,4284,5,0,21
544500,-0.353817,-0.582318,-3470,4296,5,0,37
545000,0.301041,0.331863,-3468,4303,5,0,54
545500,1.07841,-0.26546,-3464,4311,5,1,11
546000,2.1757,1.95101,-3457,4321,5,1,27
546500,1.89467,2.03391,-3452,4330,5,1,44
547000,0.997377,0.827478,-3442,4342,5,2,0
547500,2.07852,1.90282,-3438,4350,5,2,17
548000,1.90123,1.24632,-3431,4360,5,2,33
548500,2.16839,2.16683,-3422,4371,5,2,50
549000,2.15084,1.87138,-3413,4382,5,3,6
549500,1.92178,1.88852,-3406,4392,5,3,23
550000,1.4934,0.481932,-3396,4404,5,3,40
550500,0.45749,0.252758,-3393,4412,5,3,56
551000,-0.845182,-0.806447,-3386,4422,5,4,13
551500,1.30528,1.04161,-3379,4432,5,4,29
552000,0.753,0.487604,-3373,4441,5,4,46
552500,1.20094,0.968972,-3364,4452,5,5,3
553000,1.3076,1.00974,-3354,4464,5,5,19
553500,0.975933,0.932368,-3350,4473,5,5,36
554000,1.59068,1.15928,-3347,4481,5,5,52
554500,-1.12806,-1.10579,-3338,4492,5,6,9
555000,1.89001,1.72718,-3331,4502,5,6,25
555500,2.49825,1.72544,-3322,4513,5,6,42
556000,1.82937,0.914496,-3315,4523,5,6,58
556500,0.708517,0.113741,-3306,4534,5,7,15
557000,1.79754,1.38798,-3296,4546,5,7,31
557500,1.19932,0.742721,-3284,4559,5,7,48
558000,1.9759,1.94116,-3275,4570,5,8,4
558500,0.697853,0.431408,-3269,4580,5,8,21
559000,1.35462,0.883869,-3260,4591,5,8,37
559500,-1.99742,-0.962781,-3253,4601,5,8,54
560000,2.21401,1.49175,-3251,4608,5,9,11
560500,1.51948,1.44077,-3243,4619,5,9,27
561000,1.87848,1.89104,-3230,4632,5,9,44
561500,1.57505,1.42909,-3220,4644,5,10,1
562000,-0.644978,-0.841667,-3214,4654,5,10,17
562500,1.53064,1.22671,-3210,4662,5,10,34
563000,1.43522,1.38973,-3201,4673,5,10,50
563500,2.04092,1.65294,-3196,4682,5,11,7
564000,1.59757,1.58172,-3182,4696,5,11,23
564500,1.5842,1.49148,-3175,4706,5,11,40
565000,0.919424,1.0441,-3164,4718,5,11,56
565500,-0.918758,-0.971884,-3157,4728,5,12,13
566000,1.66907,1.51079,-3156,4735,5,12,29
566500,2.0516,1.9642,-3145,4747,5,12,46
567000,1.20853,1.28272,-3142,4755,5,13,2
567500,0.878409,-0.190501,-3131,4767,5,13,19
568000,1.29491,1.09038,-3121,4779,5,13,36
568500,1.36565,0.7302,-3113,4789,5,13,52
569000,1.29423,1.09429,-3109,4798,5,14,9
569500,1.3478,0.581792,-3102,4808,5,14,25
570000,1.49912,1.0155,-3092,4820,5,14,42
570500,0.634553,-0.0231795,-3088,4828,5,14,59
571000,0.71198,0.611569,-3083,4837,5,15,15
571500,2.25547,2.13744,-3074,4848,5,15,32
572000,1.27149,1.2032,-3061,4862,5,15,48
572500,0.0603027,-0.710018,-3052,4873,5,16,5
573000,-0.622503,-0.749952,-3044,4884,5,16,21
573500,2.08954,1.62878,-3040,4892,5,16,38
574000,2.06156,1.22282,-3031,4903,5,16,54
574500,1.35028,0.993041,-3026,4912,5,17,11
575000,1.24742,1.0101,-3015,4924,5,17,27
575500,1.01641,0.315991,-3009,4933,5,17,44
576000,1.79746,1.46002,-3000,4944,5,18,0
576500,1.78455,1.41404,-2993,4954,5,18,17
577000,1.21028,1.10192,-2985,4965,5,18,34
577500,-0.711564,-0.885431,-2977,4975,5,18,50
578000,-0.644004,-0.774805,-2970,4985,5,19,7
578500,1.22435,-0.103299,-2965,4994,5,19,23
579000,1.4117,1.14909,-2955,5006,5,19,40
579500,0.704775,0.483474,-2948,5016,5,19,56
580000,1.53289,1.38791,-2941,5026,5,20,13
580500,2.38757,1.84638,-2935,5035,5,20,30
581000,1.35513,1.12941,-2933,5043,5,20,46
581500,1.62857,0.895299,-2927,5052,5,21,3
582000,1.68484,1.30092,-2920,5062,5,21,19
582500,1.27616,0.558629,-2912,5073,5,21,36
583000,0.576519,0.343539,-2907,5082,5,21,52
583500,-0.408279,-1.04102,-2900,5092,5,22,9
584000,-0.510377,-0.655664,-2898,5100,5,22,26
584500,2.20289,2.01228,-2888,5111,5,22,42
585000,0.978879,0.952185,-2877,5123,5,22,59
585500,1.44913,1.11599,-2865,5136,5,23,15
586000,1.68605,1.00693,-2857,5147,5,23,32
586500,2.13142,1.87992,-2848,5158,5,23,48
587000,1.81409,1.43829,-2840,5169,5,24,5
587500,-0.78396,-0.780838,-2831,5180,5,24,21
588000,1.48504,1.10966,-2830,5186,5,24,38
588500,-1.08636,-0.858777,-2825,5196,5,24,54
589000,1.41804,1.12797,-2820,5205,5,25,11
589500,2.09627,1.911,-2809,5217,5,25,27
590000,2.38284,1.8155,-2798,5229,5,25,44
590500,1.21294,1.28591,-2789,5240,5,26,1
591000,1.73723,1.21885,-2777,5253,5,26,17
591500,1.12932,0.381932,-2766,5265,5,26,34
592000,1.85842,1.59669,-2759,5275,5,26,51
592500,1.75976,1.69009,-2750,5286,5,27,7
593000,2.10599,1.89496,-2739,5298,5,27,24
593500,1.18196,0.387144,-2731,5309,5,27,40
594000,2.13781,1.11403,-2723,5319,5,27,57
594500,1.33903,1.11311,-2711,5332,5,28,13
595000,0.672902,0.141632,-2704,5342,5,28,30
595500,1.2723,1.07777,-2692,5355,5,28,46
596000,1.14414,1.11484,-2685,5365,5,29,3
596500,1.43643,1.33563,-2681,5373,5,29,19
597000,2.26226,2.00198,-2675,5382,5,29,36
597500,1.5485,1.30096,-2666,5394,5,29,52
598000,1.85525,1.89647,-2662,5402,5,30,9
598500,0.234074,0.0193878,-2656,5411,5,30,26
599000,1.80291,1.75831,-2648,5422,5,30,42
599500,1.95102,1.22072,-2648,5428,5,30,59
600000,-0.170955,-0.95128,-2641,5438,5,31,16
600500,1.39222,1.10609,-2635,5448,5,31,32
601000,2.35254,2.0278,-2627,5458,5,31,49
601500,1.82189,1.04617,-2616,5470,5,32,5
602000,1.16682,0.908032,-2606,5482,5,32,22
602500,1.20553,0.507285,-2595,5494,5,32,38
603000,-1.37902,-0.960714,-2593,5502,5,32,55
603500,0.440034,-0.16516,-2586,5511,5,33,11
604000,2.19474,1.77958,-2574,5524,5,33,28
604500,2.06847,1.91634,-2567,5534,5,33,44
605000,0.560879,0.155161,-2557,5546,5,34,1
605500,1.98243,1.02201,-2548,5557,5,34,17
606000,1.51739,0.677238,-2534,5571,5,34,34
606500,2.23954,2.21914,-2526,5581,5,34,50
607000,0.692499,0.710676,-2517,5592,5,35,7
607500,1.30791,1.04292,-2508,5603,5,35,24
608000,0.618575,0.447765,-2506,5610,5,35,40
608500,1.52855,1.49297,-2497,5621,5,35,57
609000,2.06796,1.42753,-2484,5634,5,36,13
609500,1.96977,1.76457,-2475,5645,5,36,30
610000,1.50624,0.902753,-2469,5654,5,36,47
610500,2.12457,1.59938,-2459,5666,5,37,3
611000,1.33091,0.744069,-2447,5679,5,37,20
611500,2.34922,1.64931,-2439,5689,5,37,36
612000,0.37268,-0.16599,-2428,5702,5,37,53
612500,0.882872,0.426433,-2418,5713,5,38,9
613000,2.04828,1.84337,-2407,5725,5,38,26
613500,0.754302,0.402554,-2393,5739,5,38,42
614000,2.20571,1.96646,-2381,5752,5,38,59
614500,2.02063,1.86448,-2373,5762,5,39,16
615000,1.76766,1.15197,-2361,5775,5,39,32
615500,2.19246,1.71966,-2354,5785,5,39,49
616000,1.37473,0.870287,-2342,5798,5,40,5
616500,0.663897,0.422866,-2331,5810,5,40,22
617000,1.78142,1.38161,-2320,5822,5,40,38
617500,1.80818,1.73143,-2309,5834,5,40,55
618000,2.16808,0.962497,-2295,5848,5,41,11
618500,1.51376,1.18068,-2288,5858,5,41,28
619000,2.19384,2.2398,-2284,5866,5,41,44
619500,1.5923,1.51904,-2277,5876,5,42,1
620000,1.28515,0.426995,-2266,5888,5,42,18
620500,1.41964,0.922559,-2256,5900,5,42,34
621000,1.23378,1.194,-2249,5910,5,42,51
621500,0.375095,-0.152106,-2241,5920,5,43,8
622000,0.728178,0.494808,-2233,5931,5,43,24
622500,0.267971,-0.0778159,-2227,5940,5,43,41
623000,0.737487,0.189383,-2223,5948,5,43,57
623500,1.43189,1.30597,-2215,5959,5,44,14
624000,1.53285,1.38347,-2211,5967,5,44,30
624500,1.91939,1.81577,-2205,5976,5,44,47
625000,1.84873,1.26397,-2196,5987,5,45,3
625500,2.00398,2.03332,-2185,5999,5,45,20
626000,1.59128,1.5095,-2173,6012,5,45,36
626500,1.16728,0.714131,-2164,6023,5,45,53
627000,1.34103,1.2405,-2154,6035,5,46,9
627500,-0.422257,-0.461815,-2148,6044,5,46,26
628000,-0.656323,-0.937179,-2142,6053,5,46,42
628500,1.04327,0.955751,-2135,6063,5,46,59
629000,1.60294,0.839012,-2126,6074,5,47,15
629500,0.935657,0.900353,-2117,6085,5,47,32
630000,1.78969,0.552861,-2111,6094,5,47,49
630500,0.540445,-0.0048542,-2104,6104,5,48,5
631000,1.39034,1.26708,-2094,6116,5,48,22
631500,1.4709,0.413292,-2086,6126,5,48,39
632000,2.06243,1.69544,-2077,6137,5,48,55
632500,-0.805918,-0.68831,-2068,6148,5,49,12
633000,2.38713,1.97634,-2064,6156,5,49,28
633500,2.24231,2.17197,-2050,6170,5,49,45
634000,0.431776,0.206551,-2041,6181,5,50,1
634500,2.18757,1.60041,-2032,6192,5,50,18
635000,2.42976,2.20367,-2020,6205,5,50,34
635500,1.82522,1.75742,-2007,6218,5,50,51
636000,1.66434,1.39214,-1995,6231,5,51,7
636500,2.56728,1.89859,-1989,6240,5,51,24
637000,1.95109,1.90384,-1975,6254,5,51,40
637500,0.723117,0.58473,-1965,6266,5,51,57
638000,1.60274,1.21471,-1952,6279,5,52,13
638500,1.4824,0.813782,-1946,6288,5,52,30
639000,2.27766,2.02468,-1935,6300,5,52,47
639500,0.66972,0.309909,-1923,6313,5,53,3
640000,0.681818,0.142033,-1912,6325,5,53,20
640500,1.40654,1.30417,-1900,6338,5,53,37
641000,1.92791,1.8094,-1887,6351,5,53,53
641500,0.755316,0.42986,-1876,6363,5,54,10
642000,1.86467,0.981957,-1867,6374,5,54,26
642500,1.5411,0.879251,-1856,6387,5,54,43
643000,1.67085,1.42897,-1845,6399,5,54,59
643500,1.42481,1.34274,-1835,6411,5,55,16
644000,2.13422,1.56463,-1825,6422,5,55,32
644500,1.94891,1.82936,-1815,6434,5,55,49
645000,1.98043,1.28951,-1802,6447,5,56,5
645500,0.441846,0.329022,-1795,6457,5,56,22
646000,1.45085,1.30671,-1790,6466,5,56,38
646500,-0.9063,-1.13829,-1780,6477,5,56,55
647000,1.42742,1.37133,-1780,6483,5,57,12
647500,0.294971,0.0390543,-1772,6493,5,57,28
648000,1.57995,1.51217,-1765,6503,5,57,45
648500,2.64458,2.29238,-1754,6515,5,58,1
649000,1.96451,1.52831,-1744,6527,5,58,18
649500,2.74022,2.5867,-1733,6539,5,58,34
650000,1.67298,0.874493,-1721,6552,5,58,51
650500,1.76208,0.833321,-1708,6565,5,59,8
651000,2.02563,2.02554,-1697,6577,5,59,24
651500,0.394323,0.324534,-1685,6590,5,59,41
652000,1.80967,1.59054,-1674,6602,5,59,57
652500,1.72232,1.65586,-1665,6613,6,0,14
653000,1.75252,1.56227,-1654,6625,6,0,30
653500,2.32855,2.21383,-1645,6636,6,0,47
654000,2.47663,2.05104,-1634,6648,6,1,3
654500,2.16177,1.41844,-1620,6662,6,1,20
655000,1.06359,0.856572,-1613,6672,6,1,37
655500,-0.738824,-0.931747,-1605,6682,6,1,53
656000,1.67772,1.54667,-1595,6694,6,2,10
656500,2.03639,1.91536,-1586,6705,6,2,26
657000,-1.06837,-0.965669,-1577,6716,6,2,43
657500,0.460377,0.329588,-1567,6728,6,2,59
658000,2.01275,0.953244,-1558,6739,6,3,16
658500,0.96978,0.0748674,-1547,6751,6,3,32
659000,1.53852,1.10747,-1539,6762,6,3,49
659500,1.82304,1.66612,-1526,6775,6,4,5
660000,1.9564,1.14247,-1516,6787,6,4,22
660500,2.05886,1.78825,-1504,6800,6,4,39
661000,1.68688,1.08818,-1495,6811,6,4,55
661500,1.6339,1.38363,-1485,6823,6,5,12
662000,2.12966,2.03482,-1476,6834,6,5,28
662500,1.84417,1.40844,-1464,6847,6,5,45
663000,0.317631,0.290394,-1453,6859,6,6,2
663500,0.51363,0.290557,-1447,6869,6,6,18
664000,2.14908,1.47387,-1441,6878,6,6,35
664500,0.0762607,-0.518407,-1434,6888,6,6,51
665000,2.47605,1.39568,-1424,6900,6,7,8
665500,0.607692,0.0450041,-1415,6911,6,7,24
666000,2.10441,1.9069,-1404,6923,6,7,41
666500,2.21789,2.09952,-1395,6934,6,7,57
667000,0.667656,0.22407,-1389,6944,6,8,14
667500,1.35204,0.766188,-1379,6956,6,8,30
668000,1.71043,1.55644,-1366,6969,6,8,47
668500,-0.452482,-0.306571,-1358,6980,6,9,3
669000,0.596067,0.381826,-1350,6990,6,9,20
669500,2.32237,2.04651,-1339,7002,6,9,36
670000,2.54512,2.10784,-1335,7010,6,9,53
670500,2.50081,2.29727,-1326,7021,6,10,10
671000,2.39588,2.14909,-1314,7034,6,10,26
671500,-0.387074,-0.53532,-1302,7047,6,10,43
672000,2.54689,2.06167,-1290,7060,6,11,0
672500,2.13783,1.82866,-1277,7073,6,11,16
673000,1.76856,1.12247,-1263,7087,6,11,33
673500,-0.257094,-0.681132,-1250,7100,6,11,49
674000,1.64502,0.864618,-1241,7111,6,12,6
674500,2.56142,2.21718,-1233,7121,6,12,22
675000,1.9912,1.43646,-1222,7133,6,12,39
675500,2.11286,1.53276,-1213,7144,6,12,55
676000,2.63403,2.29014,-1200,7157,6,13,12
676500,1.92261,1.05537,-1190,7169,6,13,28
677000,0.00678788,-0.121628,-1183,7179,6,13,45
677500,1.34012,1.06942,-1172,7191,6,14,1
678000,-0.345255,-0.300758,-1163,7202,6,14,18
678500,1.69691,1.61903,-1152,7214,6,14,34
679000,1.76992,1.19804,-1142,7226,6,14,51
679500,2.41419,1.93636,-1131,7238,6,15,8
680000,1.96823,1.70229,-1121,7250,6,15,25
680500,-0.242767,-0.33038,-1109,7263,6,15,41
681000,1.89473,1.82584,-1100,7274,6,15,58
681500,0.669658,0.153602,-1091,7285,6,16,14
682000,2.21922,2.04922,-1087,7293,6,16,31
682500,1.54445,1.48456,-1077,7305,6,16,47
683000,2.27045,2.27207,-1071,7314,6,17,4
683500,2.05834,1.95532,-1057,7328,6,17,20
684000,2.59582,0.992944,-1044,7341,6,17,37
684500,2.56724,1.81787,-1034,7353,6,17,53
685000,2.03347,1.72211,-1025,7364,6,18,10
685500,2.00977,1.83751,-1013,7377,6,18,26
686000,2.18483,2.26764,-1007,7386,6,18,43
686500,2.25215,2.13088,-995,7399,6,19,0
687000,1.84529,1.71646,-988,7409,6,19,16
687500,2.12612,1.9368,-979,7420,6,19,33
688000,1.61975,1.25087,-970,7431,6,19,49
688500,2.41172,1.74026,-959,7443,6,20,6
689000,2.27015,1.88383,-947,7456,6,20,22
689500,1.47966,1.62731,-940,7466,6,20,39
690000,1.75616,1.43696,-929,7478,6,20,56
690500,1.62687,1.09603,-919,7490,6,21,12
691000,-0.00172223,-0.145413,-907,7503,6,21,29
691500,1.32242,1.19607,-908,7508,6,21,45
692000,0.173386,0.109158,-902,7517,6,22,2
692500,1.91314,1.83167,-891,7529,6,22,18
693000,2.37719,2.12927,-880,7541,6,22,35
693500,1.01583,0.857924,-874,7550,6,22,51
694000,2.07507,1.07065,-870,7558,6,23,8
694500,2.47117,2.03324,-859,7570,6,23,25
695000,2.18768,1.49999,-850,7581,6,23,41
695500,1.55317,1.14431,-836,7595,6,23,58
696000,0.7777,0.331463,-825,7607,6,24,14
696500,2.12759,2.13008,-821,7615,6,24,31
697000,1.94146,1.81436,-811,7627,6,24,47
697500,0.385149,-0.608229,-798,7640,6,25,4
698000,1.8047,1.4417,-790,7651,6,25,20
698500,0.993363,0.799571,-779,7663,6,25,37
699000,2.42789,1.81266,-771,7673,6,25,53
699500,2.02671,1.92839,-761,7685,6,26,10
700000,2.21962,1.00282,-752,7696,6,26,27
700500,1.85085,1.66066,-738,7710,6,26,43
701000,2.02568,1.83919,-734,7718,6,27,0
701500,2.24248,2.0934,-725,7729,6,27,16
702000,1.58229,1.22776,-715,7741,6,27,33
702500,1.79669,1.64228,-704,7753,6,27,49
703000,2.68649,2.32718,-691,7766,6,28,6
703500,2.08829,1.72606,-684,7776,6,28,23
704000,2.02227,1.92439,-677,7786,6,28,39
704500,1.73568,1.41447,-663,7800,6,28,56
705000,1.59349,1.21671,-654,7811,6,29,12
705500,2.19457,2.11512,-651,7818,6,29,29
706000,-0.0465571,-0.93882,-640,7830,6,29,45
706500,-0.0420169,-0.214917,-628,7843,6,30,2
707000,1.43679,1.24114,-621,7853,6,30,18
707500,-0.248632,-0.507255,-612,7864,6,30,35
708000,0.984845,0.737348,-608,7872,6,30,51
708500,2.1428,1.80085,-601,7882,6,31,8
709000,0.808134,0.705439,-592,7893,6,31,24
709500,2.1643,1.91273,-583,7904,6,31,41
710000,2.05966,1.1386,-574,7915,6,31,58
710500,1.33446,1.20381,-564,7927,6,32,14
711000,2.68167,1.99668,-554,7939,6,32,31
711500,2.39106,1.95931,-544,7950,6,32,47
712000,0.436655,0.388951,-536,7961,6,33,4
712500,0.587756,0.725847,-526,7973,6,33,21
713000,2.77961,2.23389,-522,7981,6,33,37
713500,2.18113,1.89455,-519,7988,6,33,54
714000,2.44485,2.10323,-510,7999,6,34,10
714500,1.98701,1.94564,-500,8011,6,34,27
715000,2.37399,1.82725,-489,8023,6,34,43
715500,1.52353,1.23885,-477,8036,6,35,0
716000,-1.51652,-1.24217,-467,8047,6,35,16
716500,2.32796,1.84797,-458,8058,6,35,33
717000,1.52093,0.95849,-446,8071,6,35,49
717500,2.19728,2.09958,-437,8082,6,36,6
718000,2.83955,2.04093,-427,8094,6,36,22
718500,1.44434,1.43929,-416,8106,6,36,39
719000,2.2681,1.86811,-410,8115,6,36,55
719500,2.01759,1.75828,-400,8127,6,37,12
720000,1.49282,1.37262,-386,8141,6,37,29
720500,-0.142991,-0.219913,-374,8154,6,37,46
721000,2.18361,1.53443,-366,8164,6,38,2
721500,2.54703,2.30598,-358,8174,6,38,19
722000,0.305275,-0.0181061,-346,8187,6,38,35
722500,2.42417,1.78182,-335,8199,6,38,52
723000,2.04598,1.75215,-321,8213,6,39,8
723500,0.896995,-0.280528,-308,8226,6,39,25
724000,2.18633,1.94628,-298,8238,6,39,41
724500,1.70005,1.26478,-286,8251,6,39,58
725000,1.8871,1.34617,-275,8263,6,40,14
725500,2.34937,1.77081,-267,8274,6,40,31
726000,1.95411,1.81382,-253,8288,6,40,47
726500,1.8507,1.66542,-249,8296,6,41,4
727000,2.56966,1.98921,-236,8309,6,41,20
727500,1.70403,1.25589,-224,8322,6,41,37
728000,1.75534,1.66602,-213,8334,6,41,54
728500,2.49321,2.10829,-206,8344,6,42,10
729000,0.331467,-0.701203,-197,8355,6,42,27
729500,0.683645,0.0102046,-191,8364,6,42,43
730000,1.6085,1.30361,-187,8372,6,43,0
730500,2.02495,1.30232,-179,8382,6,43,17
731000,1.40014,1.13084,-169,8394,6,43,33
731500,1.97019,1.75475,-156,8407,6,43,50
732000,2.30902,2.16334,-145,8419,6,44,6
732500,1.61481,1.34139,-136,8430,6,44,23
733000,0.85067,0.613588,-125,8442,6,44,39
733500,2.11556,1.77208,-119,8451,6,44,56
734000,0.731856,-0.0510651,-110,8462,6,45,12
734500,1.86242,1.07238,-101,8473,6,45,29
735000,0.970744,0.475292,-94,8483,6,45,45
735500,1.95866,1.81346,-82,8496,6,46,2
736000,1.6538,1.45567,-73,8507,6,46,19
736500,1.34964,1.23179,-69,8515,6,46,35
737000,2.41251,2.12048,-58,8527,6,46,52
737500,2.31821,2.07095,-49,8538,6,47,8
738000,2.46851,1.90071,-38,8550,6,47,25
738500,2.4579,1.84934,-34,8558,6,47,41
739000,2.22908,2.09476,-23,8570,6,47,58
739500,1.71793,1.38881,-9,8584,6,48,14
740000,-1.84772,-0.96532,1,8596,6,48,31
740500,1.64911,1.1651,6,8604,6,48,48
741000,2.78635,1.71353,15,8615,6,49,4
741500,2.36356,1.77614,25,8626,6,49,21
742000,1.45885,1.26688,38,8640,6,49,37
742500,1.22567,1.00309,47,8651,6,49,54
743000,1.42334,1.12956,55,8661,6,50,10
743500,1.91764,1.80133,66,8673,6,50,27
744000,2.15219,1.87657,75,8684,6,50,43
744500,2.25726,1.62634,84,8695,6,51,0
745000,1.95535,1.93724,96,8708,6,51,17
745500,1.41236,1.24502,101,8717,6,51,33
746000,1.43049,1.49739,105,8725,6,51,50
746500,2.16764,1.67173,114,8736,6,52,6
747000,1.2295,1.07581,127,8750,6,52,23
747500,2.15932,1.02697,140,8763,6,52,39
748000,1.4606,1.49723,149,8774,6,52,56
748500,1.06429,1.0766,160,8786,6,53,12
749000,1.46165,0.887238,166,8795,6,53,29
749500,-1.43848,-1.0717,173,8805,6,53,45
750000,1.91901,1.79814,182,8816,6,54,2
750500,1.66617,1.23188,191,8827,6,54,19
751000,2.39106,2.21443,195,8835,6,54,35
751500,2.05623,1.62971,204,8846,6,54,52
752000,2.18281,1.49488,217,8859,6,55,9
752500,0.805758,0.672897,223,8868,6,55,25
753000,2.19595,1.50397,235,8881,6,55,42
753500,1.61453,1.44748,242,8891,6,55,58
754000,1.47219,1.15055,254,8904,6,56,15
754500,1.74083,1.68122,265,8916,6,56,31
755000,1.7674,1.29486,270,8925,6,56,48
755500,0.51768,-0.06714,281,8937,6,57,4
756000,1.74088,1.19606,292,8949,6,57,21
756500,1.58607,1.5771,301,8960,6,57,37
757000,0.813892,0.747321,307,8969,6,57,54
757500,1.79556,1.51581,313,8978,6,58,10
758000,2.25326,2.08811,326,8991,6,58,27
758500,1.31888,1.17469,339,9005,6,58,43
759000,2.67688,1.73441,346,9014,6,59,0
759500,1.29641,0.972203,357,9027,6,59,17
760000,1.69354,1.54727,370,9040,6,59,34
760500,-3.54788,-1.27465,379,9051,6,59,50
761000,1.89776,1.24611,388,9062,7,0,7
761500,1.25183,1.07254,393,9071,7,0,23
762000,2.44768,1.12323,405,9083,7,0,40
762500,0.903987,0.478139,419,9097,7,0,56
763000,2.32486,2.10715,428,9108,7,1,13
763500,1.68926,1.49563,442,9122,7,1,29
764000,1.73147,1.59456,454,9135,7,1,46
764500,1.65647,1.54283,465,9147,7,2,2
765000,1.96259,1.53486,474,9158,7,2,19
765500,2.67416,1.8535,483,9169,7,2,35
766000,1.88851,1.18227,496,9182,7,2,52
766500,2.54995,1.86801,502,9191,7,3,8
767000,2.24637,2.3069,514,9204,7,3,25
767500,1.53725,1.39211,522,9215,7,3,41
768000,1.99852,1.94963,535,9228,7,3,58
768500,1.79239,1.57678,547,9241,7,4,15
769000,2.6223,1.54647,558,9253,7,4,31
769500,1.24154,0.923047,572,9267,7,4,48
770000,1.20591,1.04112,582,9279,7,5,5
770500,1.13188,0.606812,592,9290,7,5,21
771000,1.69012,1.3243,602,9302,7,5,38
771500,1.50857,1.20791,613,9314,7,5,54
772000,0.1587,-0.345001,622,9325,7,6,11
772500,1.88918,1.4817,635,9338,7,6,27
773000,1.61833,0.699397,649,9352,7,6,44
773500,1.61635,1.26691,659,9364,7,7,0
774000,2.2041,2.11029,667,9374,7,7,17
774500,2.35108,1.56375,676,9385,7,7,33
775000,2.57832,1.69247,688,9398,7,7,50
775500,1.93977,1.70215,697,9409,7,8,7
776000,1.47018,0.705995,711,9423,7,8,23
776500,2.02228,1.41393,720,9434,7,8,40
777000,1.47496,1.36098,732,9447,7,8,56
777500,1.9709,1.3515,745,9460,7,9,13
778000,1.76639,1.56509,756,9472,7,9,29
778500,1.46262,0.679214,763,9482,7,9,46
779000,0.792629,0.529822,772,9493,7,10,2
779500,1.67568,1.37511,783,9505,7,10,19
780000,1.40906,1.19063,794,9517,7,10,36
780500,1.82651,1.03887,802,9527,7,10,52
781000,1.3653,0.82974,816,9541,7,11,9
781500,1.21604,1.05749,826,9553,7,11,25
782000,1.80093,0.628314,837,9565,7,11,42
782500,1.74644,0.926654,847,9577,7,11,58
783000,2.00721,1.63025,855,9587,7,12,15
783500,1.59388,0.798918,867,9600,7,12,32
784000,0.629743,-0.332046,876,9611,7,12,48
784500,1.78907,1.7901,888,9624,7,13,5
785000,1.9158,0.777858,895,9634,7,13,21
785500,1.70387,1.23725,905,9646,7,13,38
786000,2.58088,1.02661,916,9658,7,13,54
786500,1.0271,0.227483,930,9672,7,14,11
787000,0.931054,-0.186483,940,9684,7,14,27
787500,1.68416,1.39743,952,9697,7,14,44
788000,-0.0194652,-0.32003,963,9709,7,15,0
788500,0.351335,-0.246964,976,9722,7,15,17
789000,1.54188,0.733408,986,9734,7,15,33
789500,1.36948,1.46836,997,9746,7,15,50
790000,1.69261,1.64925,1008,9758,7,16,7
790500,1.58805,1.61808,1017,9769,7,16,23
791000,1.67192,1.43172,1029,9782,7,16,40
791500,1.61198,1.61467,1036,9792,7,16,57
792000,0.667541,0.509881,1047,9804,7,17,13
792500,1.69039,1.54114,1058,9816,7,17,30
793000,1.72484,1.19723,1070,9829,7,17,46
793500,1.6632,1.19158,1081,9841,7,18,3
794000,0.763398,0.296115,1094,9854,7,18,19
794500,2.54395,1.92973,1103,9865,7,18,36
795000,1.40229,1.2301,1114,9878,7,18,52
795500,2.04248,1.13329,1125,9890,7,19,9
796000,1.82115,1.86549,1136,9902,7,19,25
796500,2.44651,1.88355,1149,9915,7,19,42
797000,2.59106,1.04842,1160,9927,7,19,58
797500,1.44275,1.33473,1174,9941,7,20,15
798000,2.17666,1.95755,1181,9951,7,20,31
798500,1.96494,1.56426,1191,9963,7,20,48
799000,2.15672,0.519701,1202,9975,7,21,5
799500,2.18714,1.1723,1214,9988,7,21,21
800000,1.08763,0.638656,1228,10002,7,21,38
800500,2.22762,2.30909,1235,10012,7,21,55
801000,1.92067,1.87997,1249,10026,7,22,11
801500,2.2629,1.38149,1262,10039,7,22,28
802000,1.84024,1.27957,1276,10053,7,22,44
802500,1.76087,0.865549,1287,10065,7,23,1
803000,1.48108,0.591812,1299,10078,7,23,17
803500,2.20585,1.85137,1312,10091,7,23,34
804000,2.30784,1.18377,1323,10103,7,23,50
804500,1.61371,1.48043,1333,10115,7,24,7
805000,1.74313,1.21169,1346,10128,7,24,23
805500,2.52118,1.71063,1357,10140,7,24,40
806000,2.28367,2.24237,1369,10153,7,24,56
806500,2.24792,1.93973,1381,10166,7,25,13
807000,1.7496,1.11708,1393,10179,7,25,30
807500,1.90928,2.06273,1404,10191,7,25,46
808000,2.59206,1.90108,1417,10204,7,26,3
808500,1.8258,0.815669,1431,10218,7,26,19
809000,2.14797,1.82664,1438,10228,7,26,36
809500,2.35458,2.16088,1449,10241,7,26,52
810000,2.11825,1.57378,1460,10253,7,27,9
810500,1.13666,0.40419,1474,10267,7,27,26
811000,2.10202,1.42033,1481,10277,7,27,42
811500,1.71978,1.56905,1495,10291,7,27,59
812000,2.12523,1.2929,1508,10304,7,28,15
812500,1.66775,1.22789,1522,10318,7,28,32
813000,0.863648,-0.105104,1535,10331,7,28,48
813500,2.16885,1.8431,1549,10345,7,29,5
814000,2.28939,0.937115,1558,10356,7,29,22
814500,1.92309,1.7398,1569,10369,7,29,38
815000,2.34908,1.93464,1578,10380,7,29,55
815500,2.09379,1.76024,1586,10391,7,30,11
816000,2.05707,1.15445,1597,10403,7,30,28
816500,2.18135,2.14776,1608,10415,7,30,44
817000,1.79732,0.466959,1620,10428,7,31,1
817500,0.698659,-0.543985,1633,10441,7,31,17
818000,1.76197,1.32992,1647,10455,7,31,34
818500,1.96271,1.41728,1660,10468,7,31,50
819000,2.0831,1.81864,1669,10479,7,32,7
819500,1.91363,1.19754,1678,10490,7,32,23
820000,1.72682,1.08175,1682,10498,7,32,40
820500,2.05832,1.33942,1695,10511,7,32,57
821000,-0.0167241,-0.739952,1706,10523,7,33,13
821500,2.52864,1.67847,1715,10534,7,33,30
822000,1.68373,0.934118,1725,10546,7,33,46
822500,1.99312,1.97371,1735,10558,7,34,3
823000,1.73834,1.09787,1745,10570,7,34,20
823500,2.52448,1.84895,1758,10583,7,34,36
824000,1.91433,1.17561,1772,10597,7,34,53
824500,1.56088,1.61296,1785,10610,7,35,9
825000,1.6957,1.03295,1799,10624,7,35,26
825500,1.64645,1.03691,1810,10636,7,35,42
826000,2.14137,1.06087,1821,10648,7,35,59
826500,2.14329,1.94304,1834,10661,7,36,15
827000,1.18067,0.690943,1848,10675,7,36,32
827500,2.58584,1.33293,1861,10688,7,36,48
828000,1.94635,1.1879,1875,10702,7,37,5
828500,2.07878,1.9638,1888,10715,7,37,21
829000,2.0609,1.96177,1900,10728,7,37,38
829500,2.39276,0.921687,1908,10738,7,37,54
830000,1.4088,0.244149,1922,10752,7,38,12
830500,2.12251,1.67046,1933,10764,7,38,28
831000,2.54834,2.45756,1939,10773,7,38,45
831500,0.671172,0.0542922,1953,10787,7,39,1
832000,2.55976,1.78538,1966,10800,7,39,18
832500,2.63219,0.597225,1977,10812,7,39,34
833000,2.41102,2.1439,1989,10825,7,39,51
833500,1.6823,1.46443,2003,10839,7,40,7
834000,2.3266,2.30007,2011,10849,7,40,24
834500,1.41021,1.5169,2025,10863,7,40,40
835000,2.53215,2.10257,2038,10876,7,40,57
835500,1.25631,0.639255,2052,10890,7,41,13
836000,2.3699,1.63069,2065,10903,7,41,30
