500,0.00371107,0.0149699,39.0,0,0,0,21
1000,0.000820012,0.0166561,78.0,0,0,0,38
1500,1.43502,1.25186,117.0,0,0,0,54
2000,5.35317,4.58385,156.0,0,0,1,11
2500,5.07569,4.59129,195.0,0,0,1,28
3000,4.8419,4.75455,234.0,0,0,1,44
3500,4.67995,5.12885,273.0,0,0,2,1
4000,5.39869,6.087,312.0,0,0,2,17
4500,1.80994,2.06181,352.1,0,0,2,34
5000,1.91783,2.10428,391.1,0,0,2,50
5500,2.08301,2.02215,430.1,0,0,3,7
6000,1.93991,1.79953,469.1,0,0,3,23
6500,1.39935,1.19733,508.1,0,0,3,40
7000,0.888291,0.750777,547.1,0,0,3,56
7500,0.28055,0.104598,586.1,0,0,4,13
8000,0.0400212,-0.0556551,625.1,0,0,4,29
8500,-0.245549,-0.298051,664.1,0,0,4,46
9000,2.02718,1.97047,703.1,0,0,5,3
9500,3.0022,2.98679,742.1,0,0,5,19
10000,0.541507,0.382114,782.2,0,0,5,36
10500,2.907,2.90525,821.2,0,0,5,53
11000,1.04598,1.04029,863.1,2,0,6,9
11500,2.71686,2.73645,902.1,2,0,6,26
12000,-0.807677,-1.06228,943.1,3,0,6,42
12500,0.932247,0.929666,982.1,3,0,6,59
13000,1.66807,1.71766,1021.1,3,0,7,15
13500,1.94937,1.93792,1060.1,3,0,7,32
14000,3.43417,3.38852,1099.1,3,0,7,48
14500,-0.14063,-0.124604,1139.2,3,0,8,5
15000,1.44301,1.44713,1179.1,4,0,8,21
15500,3.46007,3.45826,1219.0,5,0,8,38
16000,3.47917,3.45907,1261.8,8,0,8,55
16500,2.68313,2.65144,1302.8,9,0,9,11
17000,3.45184,3.43354,1341.8,9,0,9,28
17500,2.68724,2.64706,1384.6,12,0,9,44
18000,0.77294,0.74396,1426.5,14,0,10,1
18500,3.26237,3.25613,1466.4,15,0,10,17
19000,-0.385074,-0.52421,1509.4,17,0,10,34
19500,2.83895,2.81615,1549.3,18,0,10,50
20000,3.43529,3.46817,1588.3,18,0,11,7
20500,3.34035,3.31784,1630.2,20,0,11,24
21000,0.488639,0.438797,1673.2,22,0,11,40
21500,2.72069,2.70983,1712.2,22,0,11,57
22000,1.07688,1.0319,1754.1,24,0,12,13
22500,2.59741,2.58476,1793.1,24,0,12,30
23000,3.68326,3.66339,1832.1,24,0,12,47
23500,-0.686009,-0.911658,1876.0,27,0,13,3
24000,0.346598,0.348422,1915.0,27,0,13,20
24500,2.41629,2.41956,1954.9,28,0,13,36
25000,3.62815,3.62461,1993.9,28,0,13,53
25500,1.00787,0.991756,2034.0,28,0,14,9
26000,0.799044,0.770611,2075.0,29,0,14,26
26500,2.71133,2.65457,2114.9,30,0,14,42
27000,0.0178434,-0.0403152,2155.0,30,0,14,59
27500,2.60523,2.57114,2194.0,30,0,15,15
28000,0.845231,0.837455,2234.1,30,0,15,32
28500,3.19755,3.22548,2274.0,31,0,15,48
29000,1.56129,1.53185,2315.9,33,0,16,5
29500,-0.943633,-0.962118,2355.8,34,0,16,22
30000,0.777088,0.698747,2395.9,34,0,16,39
30500,3.82972,3.80142,2434.9,34,0,16,55
31000,2.17533,2.15623,2476.8,36,0,17,12
31500,3.06763,3.05196,2515.8,36,0,17,28
32000,1.95699,1.9458,2557.7,38,0,17,45
32500,2.31555,2.27644,2599.6,40,0,18,1
33000,0.600746,0.53576,2640.6,41,0,18,18
33500,3.21415,3.23013,2679.6,41,0,18,34
34000,1.46021,1.45199,2720.6,42,0,18,51
34500,3.03554,2.99664,2759.6,42,0,19,7
35000,3.8487,3.86485,2802.6,44,0,19,24
35500,-0.382732,-0.364932,2842.7,44,0,19,40
36000,0.433374,0.392121,2883.7,45,0,19,57
36500,3.31612,3.33554,2922.7,45,0,20,14
37000,1.60117,1.57939,2962.8,45,0,20,30
37500,0.917276,0.870763,3002.9,45,0,20,47
38000,2.53281,2.51533,3041.9,45,0,21,3
38500,2.36933,2.33211,3082.9,46,0,21,20
39000,0.147119,0.0933332,3123.0,46,0,21,36
39500,1.59309,1.55567,3165.8,49,0,21,53
40000,3.72708,3.66006,3204.8,49,0,22,10
40500,3.24649,3.23396,3244.9,49,0,22,26
41000,2.1301,2.03408,3285.9,50,0,22,43
41500,2.49374,2.46771,3329.8,53,0,22,59
42000,2.58823,2.53538,3369.9,53,0,23,16
42500,0.440605,0.353612,3410.0,53,0,23,32
43000,0.522696,0.468053,3450.1,53,0,23,49
43500,-0.00275293,-0.0265184,3490.2,53,0,24,5
44000,-0.0279194,-0.0518318,3532.1,55,0,24,22
44500,0.910741,0.844193,3572.2,55,0,24,39
45000,0.807222,0.709422,3612.3,55,0,24,55
45500,1.28547,1.18661,3652.4,55,0,25,12
46000,1.71699,1.66882,3693.4,56,0,25,28
46500,1.93395,1.96153,3734.4,57,0,25,45
47000,-0.205544,-0.18628,3776.5,58,0,26,1
47500,0.540745,0.282294,3819.5,60,0,26,18
48000,0.465714,0.35189,3860.5,61,0,26,34
48500,2.01058,2.00225,3903.5,63,0,26,51
49000,1.41916,1.33732,3944.5,64,0,27,7
49500,2.52854,2.43958,3988.4,67,0,27,24
50000,2.08926,2.02765,4029.4,68,0,27,41
50500,3.91415,3.86346,4071.3,70,0,27,57
51000,0.681145,0.55862,4112.5,70,0,28,14
51500,1.73679,1.73748,4153.5,71,0,28,30
52000,0.14926,0.0769031,4196.5,73,0,28,47
52500,2.00533,2.00808,4237.5,74,0,29,4
53000,3.13667,3.08529,4278.5,75,0,29,20
53500,1.41299,1.42371,4323.3,79,0,29,37
54000,4.22344,4.16556,4364.3,80,0,29,53
54500,3.40578,3.39987,4404.4,80,0,30,10
55000,1.84431,1.88099,4445.4,81,0,30,26
55500,3.74436,3.80062,4489.3,84,0,30,43
56000,0.874767,0.695369,4531.4,85,0,30,59
56500,3.45031,3.48483,4573.3,87,0,31,16
57000,2.54618,2.51823,4613.4,87,0,31,32
57500,2.06254,2.06126,4654.4,88,0,31,49
58000,1.649,1.49334,4694.5,88,0,32,5
58500,0.534108,0.467453,4735.5,89,0,32,22
59000,0.957246,0.926162,4776.5,90,0,32,39
59500,3.1689,3.06683,4818.4,92,0,32,55
60000,2.91205,2.86811,4862.3,95,0,33,12
60500,3.02073,2.97462,4903.3,96,0,33,29
61000,1.16792,1.0059,4943.4,96,0,33,45
61500,3.80217,3.85841,4982.4,96,0,34,2
62000,-0.0106268,0.100673,5025.4,98,0,34,18
62500,2.33359,2.35459,5068.2,101,0,34,35
63000,3.92519,3.97269,5110.1,103,0,34,51
63500,2.66751,2.60146,5154.0,106,0,35,8
64000,-0.0508865,-0.0452928,5197.0,108,0,35,24
64500,3.75224,3.76367,5239.8,111,0,35,41
65000,0.130923,0.0656407,5281.7,113,0,35,57
65500,0.236857,0.201894,5323.8,114,0,36,14
66000,3.45424,3.44169,5365.7,116,0,36,31
66500,0.970712,0.860241,5407.8,117,0,36,47
67000,3.30797,3.27466,5449.7,119,0,37,4
67500,1.54745,1.47678,5493.6,122,0,37,20
68000,1.06594,0.776178,5539.5,126,0,37,37
68500,2.20132,2.19133,5580.5,127,0,37,53
69000,3.39739,3.37666,5622.4,129,0,38,10
69500,0.180626,0.107828,5668.3,133,0,38,26
70000,0.420843,-0.256423,5712.2,136,0,38,43
70500,2.33506,2.28381,5753.2,137,0,39,0
71000,0.588011,0.46352,5793.3,137,0,39,16
71500,4.19504,4.21248,5837.0,141,0,39,33
72000,2.00825,1.97916,5884.9,146,0,39,49
72500,3.80352,3.81671,5929.7,150,0,40,6
73000,4.17093,4.20101,5973.6,153,0,40,23
73500,2.4006,2.3998,6021.3,159,0,40,39
74000,3.92789,3.97432,6068.10000001,164,0,40,56
74500,0.524597,0.541176,6114.00000001,168,0,41,12
75000,0.0109912,0.062502,6159.90000001,172,0,41,29
75500,0.87022,0.918973,6203.80000001,175,0,41,45
76000,3.94281,3.94483,6251.50000001,181,0,42,2
76500,3.70116,3.72685,6296.30000001,185,0,42,18
77000,2.5664,2.53979,6344.20000001,190,0,42,35
77500,4.294,4.26699,6389.00000001,194,0,42,51
78000,3.42195,3.36502,6432.00000001,196,0,43,8
78500,0.852192,0.741613,6475.00000001,198,0,43,24
79000,4.16454,4.17287,6517.80000001,201,0,43,41
79500,1.75747,1.72504,6562.60000001,205,0,43,57
80000,2.95907,2.78087,6606.50000001,208,0,44,14
80500,0.503564,0.206669,6649.50000001,210,0,44,31
81000,1.68203,1.48122,6697.20000001,216,0,44,47
81500,-0.644292,-0.663462,6741.10000001,219,0,45,4
82000,2.59402,2.5705,6784.80000001,223,0,45,21
82500,1.70221,1.55641,6833.40000001,230,0,45,37
83000,0.901122,0.728392,6882.20000001,236,0,45,54
83500,1.18403,0.886296,6929.00000001,241,0,46,10
84000,1.22335,0.426483,6972.90000001,244,0,46,27
84500,1.84248,1.42715,7016.80000001,247,0,46,43
85000,3.83185,3.8439,7064.50000001,253,0,47,0
85500,1.64398,1.22391,7107.50000001,255,0,47,16
86000,0.917021,0.546111,7153.40000001,259,0,47,33
86500,1.54703,1.47107,7198.20000001,263,0,47,49
87000,2.69703,2.47346,7244.80000001,269,0,48,6
87500,0.357533,0.0449253,7292.50000001,275,0,48,22
88000,3.46865,3.03562,7336.40000001,278,0,48,39
88500,3.36066,3.34193,7378.30000001,280,0,48,55
89000,4.11371,4.05293,7423.10000001,284,0,49,12
89500,4.19076,4.31833,7467.90000001,288,0,49,29
90000,1.56044,1.55513,7515.80000001,293,0,49,46
90500,2.01986,1.84081,7563.50000001,299,0,50,2
91000,1.92265,1.31108,7607.40000001,302,0,50,19
91500,3.34603,3.38414,7650.20000001,305,0,50,35
92000,0.743867,0.578104,7693.00000001,308,0,50,52
92500,3.1146,2.87001,7734.00000001,309,0,51,8
93000,0.481356,-0.554815,7782.60000001,316,0,51,25
93500,3.90084,3.79449,7825.40000001,319,0,51,41
94000,2.65552,1.99313,7867.50000001,320,0,51,58
94500,0.233278,0.258192,7912.30000001,324,0,52,14
95000,0.0258951,-0.798316,7960.00000001,330,0,52,31
95500,4.45402,4.48257,8005.70000001,335,0,52,47
96000,3.95077,3.97544,8046.70000001,336,0,53,4
96500,3.17253,2.97746,8090.60000001,339,0,53,21
97000,3.2002,2.82356,8136.50000001,343,0,53,37
97500,4.19916,4.32049,8178.40000001,345,0,53,54
98000,1.2066,0.730991,8224.30000001,349,0,54,10
98500,-0.579354,-1.10431,8266.20000001,351,0,54,27
99000,2.7739,2.74549,8307.20000001,352,0,54,43
99500,4.29128,4.25517,8349.10000001,354,0,55,0
100000,-0.13696,-0.428405,8395.00000001,358,0,55,17
100500,3.10405,3.11729,8436.90000001,360,0,55,33
101000,4.35929,4.35995,8478.80000001,362,0,55,50
101500,1.95394,1.39747,8520.90000001,363,0,56,6
102000,3.77268,3.4989,8562.80000002,365,0,56,23
102500,3.10909,2.77022,8608.70000002,369,0,56,39
103000,3.88245,3.89782,8650.60000002,371,0,56,56
103500,1.79684,0.899589,8694.50000002,374,0,57,13
104000,1.02599,0.310922,8738.40000002,377,0,57,29
104500,2.95533,2.79653,8781.20000002,380,0,57,46
105000,4.17384,3.73168,8824.00000002,383,0,58,2
105500,1.17144,0.744373,8869.90000002,387,0,58,19
106000,3.55403,2.04325,8917.60000002,393,0,58,35
106500,-0.197859,-0.253766,8961.50000002,396,0,58,52
107000,1.36404,1.06662,9003.40000002,398,0,59,8
107500,2.40104,2.09011,9045.30000002,400,0,59,25
108000,4.2396,4.31493,9091.90000002,406,0,59,41
108500,-0.048365,-0.179297,9138.90000002,410,0,59,58
109000,-0.235609,-0.369013,9181.70000002,413,1,0,14
109500,-1.31261,-1.42923,9224.50000002,416,1,0,31
110000,-0.499245,-0.859581,9267.50000002,418,1,0,48
110500,2.51956,2.39899,9309.40000002,420,1,1,4
111000,2.21715,1.33416,9354.20000002,424,1,1,21
111500,1.74314,1.61571,9399.00000002,428,1,1,38
112000,3.54568,3.42751,9440.90000002,430,1,1,54
112500,3.94615,3.4056,9486.80000002,434,1,2,11
113000,4.17615,4.19226,9532.50000002,439,1,2,27
113500,2.67372,1.67871,9579.30000002,444,1,2,44
114000,3.91946,3.71514,9625.90000002,450,1,3,0
114500,4.09908,3.85966,9669.80000002,453,1,3,17
115000,4.38113,4.42564,9712.60000002,456,1,3,33
115500,2.97891,2.95381,9761.40000002,462,1,3,50
116000,1.44289,0.746726,9809.30000002,467,1,4,6
116500,4.42615,3.06439,9857.00000002,473,1,4,23
117000,2.8522,2.48019,9903.80000002,478,1,4,39
117500,4.08079,4.08576,9949.70000002,482,1,4,56
118000,1.97648,1.5726,9995.60000002,486,1,5,13
118500,2.42161,1.47072,10047.3,494,1,5,29
119000,2.9721,3.02123,10096.1,500,1,5,46
119500,3.63145,3.26527,10144.9,506,1,6,2
120000,4.25274,4.20641,10189.9,509,1,6,19
120500,3.11973,2.87371,10243.6,518,1,6,36
121000,3.91806,2.88459,10293.5,524,1,6,52
121500,2.04974,1.15932,10346.3,532,1,7,9
122000,2.20399,1.14905,10402.0,542,1,7,25
122500,2.81804,2.2018,10448.8,547,1,7,42
123000,3.17446,2.80849,10497.6,553,1,7,58
123500,4.34091,3.05837,10542.6,556,1,8,15
124000,3.34856,2.78608,10593.4,563,1,8,31
124500,2.72036,2.63544,10636.4,565,1,8,48
125000,2.84791,2.61075,10686.3,571,1,9,4
125500,4.95972,4.94065,10733.1,576,1,9,21
126000,4.2499,3.87007,10783.9,583,1,9,38
126500,4.31783,3.68436,10829.8,587,1,9,54
127000,3.60639,2.51479,10878.6,593,1,10,11
127500,3.56025,3.26416,10928.5,599,1,10,27
128000,4.4432,4.02078,10978.4,605,1,10,44
128500,0.908632,0.535893,11027.2,611,1,11,0
129000,-0.694493,-0.836039,11071.1,614,1,11,17
129500,4.68693,4.70224,11121.9,621,1,11,33
130000,4.67858,3.82443,11168.7,626,1,11,50
130500,2.73587,1.96253,11214.6,630,1,12,7
131000,4.13794,3.72622,11259.6,633,1,12,23
131500,5.34673,4.98743,11309.3,640,1,12,40
132000,5.19495,5.23773,11359.0,647,1,12,56
132500,4.52606,3.53881,11406.9,652,1,13,13
133000,3.2231,3.11748,11454.6,658,1,13,30
133500,2.94191,1.92041,11503.4,664,1,13,46
134000,-2.90492,-2.29564,11548.4,667,1,14,3
134500,2.84889,2.89638,11594.1,672,1,14,19
135000,5.50904,4.83491,11640.9,677,1,14,36
135500,5.25692,5.09386,11687.7,682,1,14,52
136000,5.33777,5.61738,11739.6,689,1,15,9
136500,5.41046,5.51134,11787.3,695,1,15,25
137000,5.9497,4.93476,11837.0,702,1,15,42
137500,0.947596,0.656705,11885.8,708,1,15,58
138000,6.01641,5.20124,11933.7,713,1,16,15
138500,1.12214,0.670442,11980.5,718,1,16,31
139000,3.16568,3.4561,12027.3,723,1,16,48
139500,5.50243,5.21274,12077.2,729,1,17,4
140000,2.76742,2.7061,12123.1,733,1,17,21
140500,3.85917,2.75687,12168.1,736,1,17,38
141000,1.6985,1.50234,12218.9,743,1,17,55
141500,3.93813,3.46872,12266.8,748,1,18,11
142000,4.74487,3.92582,12314.7,753,1,18,28
142500,-0.524484,-0.60024,12360.6,757,1,18,44
143000,5.67384,5.27197,12411.4,764,1,19,1
143500,1.27892,0.897086,12460.2,770,1,19,17
144000,4.46832,4.44711,12509.9,777,1,19,34
144500,5.53551,5.3572,12560.7,784,1,19,50
145000,4.10411,3.27503,12607.7,788,1,20,7
145500,1.70009,0.746217,12658.5,795,1,20,23
146000,-0.617777,-1.73185,12706.4,800,1,20,40
146500,5.99802,5.74429,12755.2,806,1,20,56
147000,3.04326,1.95964,12806.0,813,1,21,13
147500,2.02759,1.2808,12852.8,818,1,21,29
148000,4.84981,4.93311,12903.6,825,1,21,46
148500,5.01812,3.75229,12952.6,830,1,22,3
149000,4.93787,4.64403,13002.1,838,1,22,19
149500,5.18419,5.16188,13054.9,846,1,22,36
150000,4.26548,4.32653,13105.7,853,1,22,53
150500,3.83731,3.44872,13154.7,858,1,23,9
151000,1.18729,1.17131,13204.6,864,1,23,26
151500,1.00934,0.0945331,13254.3,871,1,23,42
152000,2.33168,2.47239,13304.0,878,1,23,59
152500,6.70145,6.52622,13351.9,883,1,24,15
153000,3.80818,3.86514,13401.6,890,1,24,32
153500,2.12755,1.445,13452.4,897,1,24,48
154000,3.9249,2.57953,13501.2,903,1,25,5
154500,3.80487,2.34799,13549.1,908,1,25,21
155000,-0.225924,-0.469018,13595.9,913,1,25,38
155500,6.33591,5.5109,13642.5,919,1,25,54
156000,2.13537,1.78643,13695.3,927,1,26,11
156500,-0.290937,-0.945787,13740.3,930,1,26,28
157000,1.06677,0.823624,13785.1,934,1,26,44
157500,-0.291028,-1.04224,13834.8,941,1,27,1
158000,6.75812,6.30356,13880.5,946,1,27,17
158500,1.35157,0.733477,13926.4,950,1,27,34
159000,4.18878,3.60655,13972.3,954,1,27,50
159500,1.91594,1.17984,14021.1,960,1,28,7
160000,3.61115,2.80346,14065.9,964,1,28,24
160500,3.54715,3.62779,14112.7,969,1,28,40
161000,3.21684,2.8034,14160.4,975,1,28,57
161500,3.81373,3.6718,14212.1,983,1,29,13
162000,0.866893,0.219185,14264.9,991,1,29,30
162500,4.28537,3.88334,14312.6,997,1,29,46
163000,0.757187,0.660338,14359.4,1002,1,30,3
163500,2.29509,2.21024,14403.3,1005,1,30,20
164000,7.02209,6.61537,14453.0,1012,1,30,36
164500,3.7833,3.08844,14500.9,1017,1,30,53
165000,3.28845,3.25296,14547.7,1022,1,31,9
165500,3.54145,3.48633,14594.5,1027,1,31,26
166000,2.67824,2.48566,14640.4,1031,1,31,42
166500,6.98774,7.06626,14690.1,1038,1,31,59
167000,1.29558,0.806353,14740.9,1045,1,32,15
167500,1.88534,1.75015,14788.8,1050,1,32,32
168000,0.211049,-0.576461,14837.6,1056,1,32,48
168500,6.96705,6.36741,14879.5,1058,1,33,5
169000,2.55509,1.78489,14925.4,1062,1,33,21
169500,-0.232926,-0.562165,14971.1,1067,1,33,38
170000,-0.102121,-0.145822,15019.9,1073,1,33,55
170500,3.41984,3.17767,15066.7,1078,1,34,11
171000,3.07597,2.39179,15114.6,1083,1,34,28
171500,7.06937,7.28442,15163.4,1089,1,34,45
172000,1.62437,0.98052,15215.3,1096,1,35,1
172500,2.26407,2.13417,15263.0,1102,1,35,18
173000,2.445,1.55665,15310.9,1107,1,35,34
173500,6.2919,5.22256,15356.8,1111,1,35,51
174000,5.76241,5.81639,15402.7,1115,1,36,7
174500,6.07866,5.03955,15449.7,1119,1,36,24
175000,3.91772,3.44748,15497.6,1124,1,36,40
175500,5.0835,4.25684,15546.6,1129,1,36,57
176000,6.21021,5.0563,15601.4,1138,1,37,13
176500,3.4485,3.41578,15648.2,1143,1,37,30
177000,3.56633,3.48411,15698.1,1149,1,37,46
177500,1.31293,0.930219,15744.0,1153,1,38,3
178000,2.91615,2.8622,15789.7,1158,1,38,19
178500,5.04288,4.94823,15840.5,1165,1,38,36
179000,3.80506,3.11418,15889.3,1171,1,38,53
179500,3.05554,2.85002,15941.2,1178,1,39,9
180000,4.59223,4.03011,15987.1,1182,1,39,26
180500,3.05461,2.84501,16033.9,1187,1,39,43
181000,6.73768,5.49162,16082.7,1193,1,39,59
181500,5.64714,5.19329,16130.6,1198,1,40,16
182000,2.36958,2.15956,16179.4,1204,1,40,32
182500,1.31328,1.25031,16226.4,1208,1,40,49
183000,5.16861,3.80249,16277.2,1215,1,41,5
183500,6.31777,5.65639,16324.9,1221,1,41,22
184000,3.57505,2.78029,16375.7,1228,1,41,38
184500,3.61205,3.34774,16427.4,1236,1,41,55
185000,5.1746,4.64955,16475.3,1241,1,42,11
185500,1.90072,1.85577,16522.1,1246,1,42,28
186000,1.1112,0.82484,16570.0,1251,1,42,45
186500,5.08594,4.95967,16618.8,1257,1,43,1
187000,6.42817,6.68267,16670.5,1265,1,43,18
187500,6.05912,6.01355,16718.2,1271,1,43,34
188000,5.95748,5.75085,16770.8,1280,1,43,51
188500,2.5329,2.04202,16818.5,1286,1,44,7
189000,1.06651,0.905582,16864.4,1290,1,44,24
189500,0.712751,0.274959,16908.3,1293,1,44,40
190000,3.66249,3.28751,16958.0,1300,1,44,57
190500,5.52979,5.45561,17005.9,1305,1,45,14
191000,2.80395,2.44901,17055.6,1312,1,45,30
191500,4.67954,4.63634,17102.4,1317,1,45,47
192000,4.24135,3.29458,17156.3,1325,1,46,3
192500,5.80199,5.46184,17203.1,1330,1,46,20
193000,2.80854,2.63734,17251.0,1335,1,46,36
193500,5.59304,4.02467,17299.8,1341,1,46,53
194000,4.68661,4.39464,17349.5,1348,1,47,10
194500,6.71304,5.70758,17399.2,1355,1,47,26
195000,-0.128278,-0.310309,17446.9,1361,1,47,43
195500,3.14754,2.03739,17496.6,1368,1,47,59
196000,5.87673,5.01573,17546.3,1375,1,48,16
196500,6.13738,5.84307,17596.9,1383,1,48,32
197000,2.46121,1.71584,17644.6,1389,1,48,49
197500,2.48021,2.1819,17696.3,1397,1,49,5
198000,5.49443,4.81961,17744.2,1402,1,49,22
198500,6.57319,6.17527,17793.7,1410,1,49,38
199000,7.16485,7.54907,17843.4,1417,1,49,55
199500,5.94976,5.55394,17894.2,1424,1,50,11
200000,0.953625,0.783456,17947.9,1433,1,50,28
200500,5.42316,4.28124,17999.8,1440,1,50,45
201000,6.21825,4.93648,18045.7,1444,1,51,1
201500,6.11454,5.4877,18091.6,1448,1,51,18
202000,5.20987,4.38445,18145.3,1457,1,51,35
202500,5.85054,4.56773,18192.1,1462,1,51,51
203000,2.94388,2.71812,18240.9,1468,1,52,8
203500,1.85056,1.6259,18290.6,1475,1,52,24
204000,0.227908,-1.33857,18339.6,1480,1,52,41
204500,6.18045,4.98842,18391.3,1488,1,52,57
205000,1.22589,-0.142905,18437.2,1492,1,53,14
205500,1.2242,0.289872,18486.0,1498,1,53,30
206000,6.68671,6.80345,18536.6,1506,1,53,47
206500,1.51101,0.43869,18584.5,1511,1,54,3
207000,4.76003,3.21443,18633.3,1517,1,54,20
207500,3.45771,2.80859,18687.0,1526,1,54,36
208000,3.82479,2.68772,18732.0,1529,1,54,53
208500,5.06246,4.49857,18780.6,1536,1,55,9
209000,1.97076,1.57409,18829.4,1542,1,55,26
209500,3.54535,3.04095,18881.1,1550,1,55,43
210000,0.407881,0.282676,18931.9,1557,1,56,0
210500,2.02358,1.9769,18984.7,1565,1,56,16
211000,6.84745,6.85347,19031.5,1570,1,56,33
211500,1.68953,1.56533,19084.3,1578,1,56,49
212000,2.17674,1.61429,19131.1,1583,1,57,6
212500,2.99063,3.18409,19179.9,1589,1,57,22
213000,3.16971,2.5352,19226.7,1594,1,57,39
213500,2.00869,1.46406,19275.5,1600,1,57,55
214000,4.68361,3.89071,19320.5,1603,1,58,12
214500,4.11585,3.79184,19368.4,1608,1,58,28
215000,5.13012,4.89936,19415.2,1613,1,58,45
215500,1.23548,0.488489,19461.1,1617,1,59,1
216000,6.19054,4.33014,19509.0,1622,1,59,18
216500,4.70223,4.11265,19556.9,1627,1,59,35
217000,6.97764,5.04275,19609.5,1636,1,59,51
217500,6.08367,5.70919,19659.4,1642,2,0,8
218000,6.70392,6.07118,19710.0,1650,2,0,24
218500,3.58279,2.71231,19757.9,1655,2,0,41
219000,6.57824,6.5699,19803.6,1660,2,0,57
219500,4.74957,4.83263,19847.5,1663,2,1,14
220000,1.80357,0.156772,19897.4,1669,2,1,31
220500,1.88567,0.937424,19946.2,1675,2,1,47
221000,6.27016,5.77565,19997.0,1682,2,2,4
221500,1.97818,1.72882,20045.8,1688,2,2,20
222000,3.86892,3.4433,20102.6,1698,2,2,37
222500,5.54445,5.148,20145.6,1700,2,2,53
223000,3.80803,3.08758,20194.4,1706,2,3,10
223500,1.6185,0.82416,20245.2,1713,2,3,26
224000,3.61409,2.42537,20293.1,1718,2,3,43
224500,3.32685,2.95401,20337.9,1722,2,4,0
225000,3.66587,3.65264,20380.9,1724,2,4,16
225500,4.49661,4.20779,20433.7,1732,2,4,33
226000,4.64267,4.05622,20484.5,1739,2,4,49
226500,2.48446,2.36563,20531.3,1744,2,5,6
227000,3.60559,2.73007,20579.2,1749,2,5,22
227500,7.00423,7.07214,20627.8,1756,2,5,39
228000,3.20869,2.24214,20679.7,1763,2,5,55
228500,5.92687,4.67951,20726.5,1768,2,6,12
229000,5.04103,5.12318,20774.4,1773,2,6,28
229500,5.27803,5.32123,20822.1,1779,2,6,45
230000,5.22724,3.03487,20872.7,1787,2,7,2
230500,6.46394,7.06583,20917.5,1791,2,7,18
231000,5.59257,3.6853,20961.6,1793,2,7,35
231500,4.96071,4.37429,21011.5,1799,2,7,51
232000,4.28598,3.25339,21062.3,1806,2,8,8
232500,2.31647,1.96303,21107.3,1809,2,8,25
233000,5.21202,3.85538,21156.1,1815,2,8,41
233500,3.41848,2.06814,21204.0,1820,2,8,58
234000,4.2168,3.76243,21247.0,1822,2,9,14
234500,5.98199,6.80937,21290.9,1825,2,9,31
235000,6.58433,6.48741,21339.7,1831,2,9,47
235500,4.44207,4.3367,21382.7,1833,2,10,4
236000,4.31889,3.90852,21426.8,1835,2,10,20
236500,5.94026,5.452,21472.7,1839,2,10,37
237000,2.817,1.73483,21519.7,1843,2,10,53
237500,4.45,3.66844,21564.7,1846,2,11,10
238000,2.18037,0.58971,21606.8,1847,2,11,26
238500,3.06044,2.73978,21654.7,1852,2,11,43
239000,0.114084,-0.317901,21699.7,1855,2,12,0
239500,2.85505,2.88377,21744.7,1858,2,12,16
240000,5.30934,3.87765,21789.7,1861,2,12,33
240500,4.41236,4.26829,21838.5,1867,2,12,50
241000,4.139,3.92351,21886.4,1872,2,13,6
241500,5.54574,4.11094,21941.2,1881,2,13,23
242000,3.50905,3.13711,21991.1,1887,2,13,39
242500,2.04561,1.15493,22036.1,1890,2,13,56
243000,3.00215,1.61764,22086.0,1896,2,14,12
243500,4.87286,4.242,22129.0,1898,2,14,29
244000,5.8784,5.83468,22176.9,1903,2,14,45
244500,5.43268,4.43998,22227.7,1910,2,15,2
245000,0.741133,0.777451,22274.7,1914,2,15,18
245500,4.28646,3.50323,22324.6,1920,2,15,35
246000,5.74826,5.84176,22371.4,1925,2,15,52
246500,4.48346,4.27699,22416.4,1928,2,16,8
247000,4.83043,4.40363,22462.3,1932,2,16,25
247500,3.90494,3.66989,22507.3,1935,2,16,41
248000,5.63578,5.37891,22552.3,1938,2,16,58
248500,2.86911,2.28282,22600.2,1943,2,17,14
249000,4.52015,2.78561,22648.1,1948,2,17,31
249500,5.34908,3.28434,22694.0,1952,2,17,47
250000,2.80205,2.85849,22746.8,1960,2,18,4
250500,3.73443,2.37129,22796.6999999,1966,2,18,21
251000,3.93633,2.44587,22846.5999999,1972,2,18,37
251500,3.91491,3.18666,22892.4999999,1976,2,18,54
252000,4.20015,3.23046,22942.3999999,1982,2,19,10
252500,4.31816,3.3671,22990.2999999,1987,2,19,27
253000,0.455496,-1.00227,23037.2999999,1991,2,19,44
253500,5.45631,5.48968,23090.9999999,2000,2,20,0
254000,5.48668,4.7339,23137.9999999,2004,2,20,17
254500,3.02599,1.00722,23189.8999999,2011,2,20,33
255000,1.02547,0.00233149,23244.6999999,2020,2,20,50
255500,4.38445,3.11697,23290.5999999,2024,2,21,6
256000,2.17792,0.5989,23334.6999999,2026,2,21,23
256500,2.85837,1.78743,23387.4999999,2034,2,21,39
257000,5.15302,5.21623,23440.2999999,2042,2,21,56
257500,-0.175634,-0.458773,23489.2999999,2047,2,22,12
258000,3.62498,3.47317,23532.2999999,2049,2,22,29
258500,5.75261,4.81146,23583.0999999,2056,2,22,45
259000,-0.581997,-0.791242,23636.9999999,2064,2,23,2
259500,6.02253,5.34046,23684.8999999,2069,2,23,18
260000,4.22068,3.58421,23732.7999999,2074,2,23,35
260500,-0.150208,-0.58189,23784.6999999,2081,2,23,52
261000,5.13684,3.51501,23836.3999999,2089,2,24,8
261500,4.71419,4.41101,23886.2999999,2095,2,24,25
262000,5.00384,4.64976,23941.0999999,2104,2,24,42
262500,2.8083,1.61277,23988.9999999,2109,2,24,58
263000,2.60504,1.88136,24039.7999999,2116,2,25,15
263500,3.64105,3.0623,24088.5999999,2122,2,25,31
264000,4.53242,3.08168,24141.3999999,2130,2,25,48
264500,4.11813,3.67682,24197.0999999,2140,2,26,4
265000,5.54756,3.9957,24248.9999999,2147,2,26,21
265500,3.74014,3.58241,24299.7999999,2154,2,26,37
266000,2.49827,1.48404,24349.6999999,2160,2,26,54
266500,2.2393,1.55798,24402.4999999,2168,2,27,10
267000,0.646261,-0.00522084,24450.3999999,2173,2,27,27
267500,3.63156,2.74429,24498.2999999,2178,2,27,43
268000,2.9642,1.98646,24551.0999999,2186,2,28,0
268500,3.47971,3.07234,24601.8999999,2193,2,28,17
269000,-0.513129,-0.486363,24649.7999999,2198,2,28,33
269500,6.11007,4.74937,24698.5999999,2204,2,28,50
270000,4.7836,4.73946,24746.4999999,2209,2,29,7
270500,5.59907,5.32973,24793.4999999,2213,2,29,23
271000,5.57867,5.11166,24843.3999999,2219,2,29,40
271500,6.88554,6.40204,24891.2999999,2224,2,29,56
272000,3.94928,3.43529,24948.9999999,2235,2,30,13
272500,5.43549,5.35826,24999.7999999,2242,2,30,29
273000,6.33998,6.20783,25047.6999999,2247,2,30,46
273500,3.80495,3.47886,25097.5999999,2253,2,31,2
274000,5.27381,4.99452,25149.0999999,2262,2,31,19
274500,6.25371,6.06456,25197.8999999,2268,2,31,35
275000,2.79242,1.90021,25248.6999999,2275,2,31,52
275500,3.72409,2.79208,25300.3999999,2283,2,32,9
276000,7.40801,6.0548,25349.1999999,2289,2,32,25
276500,4.85248,2.68374,25404.8999999,2299,2,32,42
277000,6.59629,5.02356,25453.6999999,2305,2,32,58
277500,6.46288,6.39883,25499.5999999,2309,2,33,15
278000,4.85327,4.08705,25548.3999999,2315,2,33,31
278500,-0.374438,-0.473251,25595.3999999,2319,2,33,48
279000,0.351155,-0.478604,25647.0999999,2327,2,34,4
279500,5.18732,5.10884,25691.8999999,2331,2,34,21
280000,4.50683,3.51636,25743.7999999,2338,2,34,38
280500,3.91783,3.17685,25795.4999999,2346,2,34,54
281000,5.54719,3.49889,25845.1999999,2353,2,35,11
281500,5.12975,4.42225,25898.8999999,2362,2,35,27
282000,2.02375,0.398626,25949.6999999,2369,2,35,44
282500,5.2115,5.09476,25997.3999999,2375,2,36,1
283000,7.73264,6.79268,26047.2999999,2381,2,36,17
283500,5.18655,3.38765,26098.0999999,2388,2,36,34
284000,6.61847,5.39889,26147.9999999,2394,2,36,50
284500,5.20417,4.92655,26200.5999999,2403,2,37,7
285000,3.85152,3.65068,26246.4999999,2407,2,37,23
285500,6.57941,5.76461,26296.3999999,2413,2,37,40
286000,4.6092,4.32768,26342.2999999,2417,2,37,56
286500,6.60821,5.08255,26391.0999999,2423,2,38,13
287000,4.50252,4.41549,26447.6999999,2434,2,38,29
287500,5.48754,5.13455,26497.5999999,2440,2,38,46
288000,6.88536,6.68686,26543.4999999,2444,2,39,2
288500,5.72169,5.71437,26589.3999999,2448,2,39,19
289000,4.75604,4.07363,26633.4999999,2450,2,39,35
289500,6.02828,5.73233,26683.1999999,2457,2,39,52
290000,5.75953,5.83151,26731.0999999,2462,2,40,9
290500,4.52571,4.36303,26780.9999999,2468,2,40,26
291000,5.79335,3.93974,26833.7999999,2476,2,40,42
291500,-0.975298,-0.984505,26886.5999999,2484,2,40,59
292000,2.75169,0.506797,26935.3999999,2490,2,41,15
292500,4.62437,4.53715,26982.1999999,2495,2,41,32
293000,2.74587,2.19679,27034.0999999,2502,2,41,48
293500,2.87765,1.80346,27079.9999999,2506,2,42,5
294000,4.51092,4.45796,27133.6999999,2515,2,42,21
294500,6.04345,5.56626,27180.6999999,2519,2,42,38
295000,5.60374,4.3919,27234.3999999,2528,2,42,54
295500,0.0657602,-0.315145,27282.0999999,2534,2,43,11
296000,3.99058,3.94941,27329.0999999,2538,2,43,27
296500,6.15469,4.52809,27376.0999999,2542,2,43,44
297000,2.01972,1.69361,27426.8999999,2549,2,44,0
297500,6.68632,5.30472,27478.7999999,2556,2,44,17
298000,2.12783,2.07881,27529.5999999,2563,2,44,34
298500,5.59373,5.43974,27580.3999999,2570,2,44,50
299000,6.70241,4.53949,27626.2999999,2574,2,45,7
299500,0.734337,-0.248269,27674.1999999,2579,2,45,23
300000,5.08003,4.96671,27722.9999999,2585,2,45,40
300500,1.57023,0.28467,27770.8999999,2590,2,45,57
301000,6.35475,6.02623,27816.7999999,2594,2,46,13
301500,3.94734,3.22686,27868.6999999,2601,2,46,30
302000,6.23543,5.56511,27920.3999999,2609,2,46,46
302500,7.31506,5.29155,27966.2999999,2613,2,47,3
303000,7.2287,7.15054,28012.1999999,2617,2,47,19
303500,-1.05228,-1.36241,28062.0999999,2623,2,47,36
304000,7.65966,7.34922,28111.7999999,2630,2,47,52
304500,6.93476,6.30138,28161.6999999,2636,2,48,9
305000,4.58482,3.28614,28212.4999999,2643,2,48,26
305500,7.48691,7.18326,28260.1999999,2649,2,48,42
306000,6.18174,5.5061,28310.0999999,2655,2,48,59
306500,5.07131,4.49847,28357.7999999,2661,2,49,15
307000,0.157657,0.0166187,28406.5999999,2667,2,49,32
307500,3.98301,1.91781,28457.3999999,2674,2,49,48
308000,6.01303,5.77054,28506.1999999,2680,2,50,5
308500,-1.35484,-1.25647,28555.8999999,2687,2,50,21
309000,4.00504,3.74432,28599.9999999,2689,2,50,38
309500,6.98338,6.55073,28646.7999999,2694,2,50,54
310000,1.16955,0.0567197,28691.7999999,2697,2,51,11
310500,5.42537,4.69075,28741.4999999,2704,2,51,28
311000,2.32877,1.29168,28791.1999999,2711,2,51,44
311500,5.33177,4.96391,28841.0999999,2717,2,52,1
312000,3.94212,3.23008,28888.9999999,2722,2,52,17
312500,6.39682,5.84055,28940.6999999,2730,2,52,34
313000,3.30391,2.98605,28985.6999999,2733,2,52,51
313500,5.6489,5.5937,29035.3999999,2740,2,53,7
314000,5.8915,4.47156,29082.1999999,2745,2,53,24
314500,0.19068,0.0495308,29130.0999999,2750,2,53,40
315000,4.68811,4.50011,29177.7999999,2756,2,53,57
315500,5.80628,5.76316,29218.7999999,2757,2,54,13
316000,4.16511,3.47608,29266.6999999,2762,2,54,30
316500,1.46255,0.914039,29312.5999999,2766,2,54,46
317000,5.53784,5.34382,29360.4999999,2771,2,55,3
317500,5.08442,5.03144,29410.3999999,2777,2,55,19
318000,3.25406,1.72315,29459.1999999,2783,2,55,36
318500,4.64019,2.76524,29509.9999999,2790,2,55,52
319000,1.71545,1.28335,29556.7999999,2795,2,56,9
319500,3.50945,2.8442,29605.5999999,2801,2,56,25
320000,4.76186,4.44249,29652.3999999,2806,2,56,43
320500,3.37109,2.63949,29701.1999999,2812,2,56,59
321000,5.38772,4.73844,29748.1999998,2816,2,57,16
321500,4.663,3.4705,29794.9999998,2821,2,57,32
322000,1.22415,0.21438,29838.8999998,2824,2,57,49
322500,6.20258,6.39353,29884.7999998,2828,2,58,5
323000,3.50261,2.7874,29931.5999998,2833,2,58,22
323500,4.43783,3.51891,29978.3999998,2838,2,58,38
324000,3.09481,2.13937,30025.1999998,2843,2,58,55
324500,5.18764,5.08786,30069.0999998,2846,2,59,11
325000,6.07794,5.42706,30114.0999998,2849,2,59,28
325500,6.57162,6.12893,30159.9999998,2853,2,59,44
326000,4.48888,3.52416,30210.7999998,2860,3,0,1
326500,3.4816,2.87908,30256.6999998,2864,3,0,17
327000,2.33873,2.30539,30301.6999998,2867,3,0,34
327500,2.62305,1.72516,30344.6999998,2869,3,0,51
328000,5.63678,5.39686,30393.2999998,2876,3,1,7
328500,3.683,3.73639,30440.2999998,2880,3,1,24
329000,5.2698,4.51576,30489.0999998,2886,3,1,40
329500,5.47947,5.12486,30536.7999998,2892,3,1,57
330000,3.74503,3.06719,30583.7999998,2896,3,2,14
330500,4.53422,3.44381,30629.6999998,2900,3,2,30
331000,2.58559,1.66725,30675.5999998,2904,3,2,47
331500,6.57057,5.05811,30725.2999998,2911,3,3,3
332000,2.09246,1.46638,30774.0999998,2917,3,3,20
332500,3.00612,2.02582,30820.8999998,2922,3,3,36
333000,4.94032,4.27193,30865.6999998,2926,3,3,53
333500,4.85686,4.82728,30912.4999998,2931,3,4,9
334000,5.99497,5.1744,30958.3999998,2935,3,4,26
334500,1.9682,0.8589,31005.1999998,2940,3,4,43
335000,5.78718,5.15097,31049.0999998,2943,3,4,59
335500,4.96091,4.03985,31094.0999998,2946,3,5,16
336000,5.33888,4.48913,31142.8999998,2952,3,5,32
336500,6.15649,5.42967,31185.8999998,2954,3,5,49
337000,5.46888,4.53279,31230.8999998,2957,3,6,5
337500,-1.36593,-2.11149,31276.7999998,2961,3,6,22
338000,6.29166,5.53438,31325.5999998,2967,3,6,38
338500,2.89422,2.64695,31372.5999998,2971,3,6,55
339000,3.0937,3.12325,31423.3999998,2978,3,7,11
339500,5.4493,4.82073,31471.9999998,2985,3,7,28
340000,2.66482,1.88237,31519.6999998,2991,3,7,45
340500,4.95386,4.60424,31564.6999998,2994,3,8,1
341000,3.5357,2.29093,31611.4999998,2999,3,8,18
341500,2.42812,1.45759,31661.3999998,3005,3,8,34
342000,2.79796,2.11079,31706.3999998,3008,3,8,51
342500,6.23526,5.52483,31751.1999998,3012,3,9,8
343000,6.71557,6.05542,31801.0999998,3018,3,9,24
343500,4.58763,4.50871,31850.7999998,3025,3,9,41
344000,3.62426,3.51765,31900.4999998,3032,3,9,57
344500,3.86491,2.98738,31952.3999998,3039,3,10,14
345000,4.53252,4.23543,31997.1999998,3043,3,10,30
345500,0.697481,-0.754341,32047.0999998,3049,3,10,47
346000,4.29979,4.12783,32093.8999998,3054,3,11,3
346500,2.02987,0.826063,32141.7999998,3059,3,11,20
347000,1.50901,0.804869,32189.4999998,3065,3,11,36
347500,4.45054,3.50368,32236.4999998,3069,3,11,53
348000,5.77018,5.56403,32283.2999998,3074,3,12,9
348500,3.85028,3.75215,32333.1999998,3080,3,12,26
349000,5.22949,4.04822,32378.1999998,3083,3,12,43
349500,2.14878,1.62119,32432.9999998,3092,3,12,59
350000,2.77474,1.64804,32481.7999998,3098,3,13,16
350500,4.72061,3.3888,32534.5999998,3106,3,13,33
351000,-0.151339,-0.684128,32583.3999998,3112,3,13,49
351500,5.36942,4.43914,32631.2999998,3117,3,14,6
352000,2.00807,1.22444,32682.9999998,3125,3,14,22
352500,0.312244,0.793871,32729.7999998,3130,3,14,39
353000,5.54434,5.22516,32781.4999998,3138,3,14,55
353500,-0.540715,-0.498427,32833.3999998,3145,3,15,12
354000,6.06261,5.89711,32881.0999998,3151,3,15,28
354500,5.59823,5.59312,32928.9999998,3156,3,15,45
355000,4.42346,3.27614,32982.8999998,3164,3,16,1
355500,2.74215,2.15497,33031.6999998,3170,3,16,18
356000,-0.760767,-1.31652,33083.3999998,3178,3,16,35
356500,5.88379,5.59161,33129.2999998,3182,3,16,51
357000,1.12458,0.642751,33176.2999998,3186,3,17,8
357500,6.64515,5.52418,33227.0999998,3193,3,17,24
358000,6.7437,5.15486,33277.8999998,3200,3,17,41
358500,3.57081,3.21426,33330.6999998,3208,3,17,57
359000,1.4843,0.946932,33386.3999998,3218,3,18,14
359500,2.97793,2.21993,33434.2999998,3223,3,18,30
360000,3.56655,3.51067,33482.1999998,3228,3,18,47
360500,5.41493,4.11997,33532.0999998,3234,3,19,4
361000,1.12246,-0.609451,33586.8999998,3243,3,19,20
361500,6.67959,5.94764,33634.7999998,3248,3,19,37
362000,1.60943,1.61907,33684.6999998,3254,3,19,54
362500,1.99947,2.00014,33727.6999998,3256,3,20,10
363000,5.6336,5.59411,33777.3999998,3263,3,20,27
363500,2.9182,1.48577,33834.1999998,3273,3,20,43
364000,2.66196,2.53798,33884.9999998,3280,3,21,0
364500,1.21822,0.378375,33932.8999998,3285,3,21,16
365000,5.90375,4.61952,33982.7999998,3291,3,21,33
365500,5.51217,4.51874,34033.5999998,3298,3,21,49
366000,2.43445,1.7478,34081.4999998,3303,3,22,6
366500,2.09604,1.51118,34131.3999998,3309,3,22,23
367000,6.31199,5.40858,34177.2999998,3313,3,22,39
367500,2.33261,1.84889,34227.1999998,3319,3,22,56
368000,1.502,0.163658,34277.9999998,3326,3,23,12
368500,7.03363,6.87091,34325.8999998,3331,3,23,29
369000,5.03585,4.98881,34376.6999998,3338,3,23,45
369500,2.9691,1.53136,34427.4999998,3345,3,24,2
370000,6.63172,6.17537,34477.3999998,3351,3,24,19
370500,0.783764,0.549899,34523.2999998,3355,3,24,36
371000,4.81218,4.34664,34566.2999998,3357,3,24,52
371500,5.24911,4.43266,34619.0999998,3365,3,25,9
372000,4.75718,4.25157,34666.9999998,3370,3,25,25
372500,0.195369,-0.226769,34717.7999998,3377,3,25,42
373000,2.71552,2.04336,34767.6999998,3383,3,25,58
373500,4.91701,4.04286,34812.6999998,3386,3,26,15
374000,0.559532,-0.275323,34864.5999998,3393,3,26,32
374500,1.97887,1.17468,34914.4999998,3399,3,26,48
375000,-0.856138,-0.990665,34967.2999998,3407,3,27,5
375500,6.74254,6.19232,35017.1999998,3413,3,27,21
376000,5.04326,3.65876,35069.9999998,3421,3,27,38
376500,3.11231,2.99202,35119.8999998,3427,3,27,54
377000,3.60358,3.42356,35166.6999998,3432,3,28,11
377500,3.53252,3.38591,35211.6999998,3435,3,28,27
378000,5.07334,4.54319,35263.5999998,3442,3,28,44
378500,5.31156,4.52491,35312.5999998,3447,3,29,1
379000,4.06512,2.61235,35366.2999998,3456,3,29,17
379500,6.93516,6.0158,35412.1999998,3460,3,29,34
380000,5.96125,5.8249,35460.0999998,3465,3,29,51
380500,4.03362,3.90603,35509.9999998,3471,3,30,8
381000,1.17295,0.616207,35556.9999998,3475,3,30,24
381500,5.77055,5.83632,35607.7999998,3482,3,30,41
382000,5.84627,5.49464,35656.5999998,3488,3,30,57
382500,6.68568,5.94719,35707.3999998,3495,3,31,14
383000,3.93067,2.31808,35754.3999998,3499,3,31,30
383500,5.2321,4.53893,35808.0999998,3508,3,31,47
384000,6.47339,6.20204,35857.9999998,3514,3,32,3
384500,6.24603,4.79814,35907.8999998,3520,3,32,20
385000,5.96909,4.18376,35963.5999998,3530,3,32,37
385500,5.55243,5.92783,36017.2999998,3539,3,32,53
386000,5.62031,4.00034,36069.1999998,3546,3,33,10
386500,3.94148,3.81832,36121.9999998,3554,3,33,26
387000,3.34078,3.41018,36172.7999998,3561,3,33,43
387500,5.03737,3.64408,36221.7999998,3566,3,33,59
388000,2.22799,1.2074,36266.7999998,3569,3,34,16
388500,6.06177,5.8961,36318.4999998,3577,3,34,33
389000,6.06233,5.26067,36372.3999998,3585,3,34,49
389500,3.23406,3.08285,36418.2999998,3589,3,35,6
390000,4.12327,2.87504,36472.1999998,3597,3,35,23
390500,2.6703,2.20661,36522.0999998,3603,3,35,39
391000,4.78892,4.40261,36567.9999998,3607,3,35,56
391500,5.33224,5.16726,36620.7999997,3615,3,36,13
392000,0.941194,-0.872698,36668.6999997,3620,3,36,29
392500,1.73922,0.112375,36721.4999997,3628,3,36,46
393000,5.1656,3.69278,36772.2999997,3635,3,37,2
393500,5.76698,4.91334,36827.9999997,3645,3,37,19
394000,-0.0992052,-0.540122,36877.8999997,3651,3,37,35
394500,2.57914,1.35819,36927.7999997,3657,3,37,52
395000,5.20075,3.58715,36978.5999997,3664,3,38,9
395500,3.87958,2.53952,37034.2999997,3674,3,38,25
396000,6.54565,6.21613,37088.8999997,3684,3,38,42
396500,5.33561,4.6633,37141.6999997,3692,3,38,58
397000,2.0065,1.09717,37194.4999997,3700,3,39,15
397500,1.11733,-0.828073,37247.2999997,3708,3,39,31
398000,5.70371,4.73651,37300.0999997,3716,3,39,48
398500,4.49967,2.91705,37352.8999997,3724,3,40,5
399000,2.23189,1.86767,37404.5999997,3732,3,40,21
399500,1.25418,-0.00479749,37458.2999997,3741,3,40,38
400000,5.7922,5.51628,37511.0999997,3749,3,40,55
400500,5.75868,5.03862,37560.9999997,3755,3,41,12
401000,5.1351,3.58179,37620.6999997,3767,3,41,28
401500,7.14488,6.01458,37671.4999997,3774,3,41,45
402000,5.81929,5.80097,37726.2999997,3783,3,42,1
402500,5.41709,5.4595,37779.0999997,3791,3,42,18
403000,5.64514,5.62892,37831.6999997,3800,3,42,34
403500,3.51558,3.19479,37889.3999997,3811,3,42,51
404000,3.63194,2.7971,37940.1999997,3818,3,43,8
404500,7.4935,5.9016,37995.8999997,3828,3,43,24
405000,4.43723,2.8467,38048.6999997,3836,3,43,41
405500,4.04371,3.06188,38101.4999997,3844,3,43,57
406000,3.83769,2.63985,38153.1999997,3852,3,44,14
406500,2.33159,2.69063,38210.8999997,3863,3,44,30
407000,5.25636,3.45395,38261.6999997,3870,3,44,47
407500,3.96004,3.0638,38311.5999997,3876,3,45,3
408000,3.81227,2.90741,38364.3999997,3884,3,45,20
408500,7.73689,7.06888,38416.0999997,3892,3,45,37
409000,7.86156,7.62584,38468.8999997,3900,3,45,53
409500,5.23236,3.7576,38522.7999997,3908,3,46,10
410000,4.4298,2.71858,38574.4999997,3916,3,46,27
410500,1.59404,1.19185,38629.2999997,3925,3,46,43
411000,6.0461,5.8008,38680.0999997,3932,3,47,0
411500,5.17395,4.91704,38734.8999997,3941,3,47,17
412000,1.25138,0.823359,38789.6999997,3950,3,47,33
412500,2.3305,1.57228,38844.4999997,3959,3,47,50
413000,6.14199,5.52749,38897.2999997,3967,3,48,6
413500,7.12266,6.0633,38952.0999997,3976,3,48,23
414000,-0.0197147,-0.431265,39004.8999997,3984,3,48,40
414500,7.25294,5.6942,39054.7999997,3990,3,48,56
415000,6.20194,5.99561,39110.4999997,4000,3,49,13
415500,6.25305,5.09766,39166.1999997,4010,3,49,29
416000,6.28755,5.50098,39224.7999997,4022,3,49,46
416500,2.64383,0.505841,39281.5999997,4032,3,50,2
417000,2.26562,1.79576,39337.2999997,4042,3,50,19
417500,4.67887,3.50695,39388.0999997,4049,3,50,35
418000,4.84865,4.55697,39437.9999997,4055,3,50,52
418500,2.96964,2.7957,39489.6999997,4063,3,51,9
419000,4.66917,4.48681,39546.2999997,4074,3,51,25
419500,3.31636,3.11493,39601.0999997,4083,3,51,42
420000,7.30607,7.64032,39653.8999997,4091,3,51,59
420500,3.93324,2.8612,39710.6999997,4101,3,52,15
421000,6.38795,4.56242,39765.4999997,4110,3,52,32
421500,4.53387,3.15982,39821.1999997,4120,3,52,48
422000,3.81469,2.22173,39872.8999997,4128,3,53,5
422500,6.85918,6.46399,39927.4999997,4138,3,53,22
423000,8.01245,7.71374,39980.2999997,4146,3,53,38
423500,6.12822,4.60053,40033.0999997,4154,3,53,55
424000,4.63077,4.34225,40087.8999997,4163,3,54,11
424500,6.80174,5.94885,40140.6999997,4171,3,54,28
425000,3.82506,2.32528,40193.4999997,4179,3,54,44
425500,5.00962,4.75876,40248.0999997,4189,3,55,1
426000,7.20222,6.10685,40300.8999997,4197,3,55,18
426500,2.31456,1.85649,40349.8999997,4202,3,55,34
427000,5.22667,3.60308,40403.5999997,4211,3,55,51
427500,4.83497,4.24742,40461.0999997,4223,3,56,7
428000,3.73932,2.74618,40513.8999997,4231,3,56,24
428500,5.07986,2.9924,40567.7999997,4239,3,56,40
429000,7.89139,7.25996,40622.5999997,4248,3,56,57
429500,7.63613,7.37387,40676.2999997,4257,3,57,13
430000,3.41564,3.18704,40730.1999997,4265,3,57,31
430500,7.85931,7.2662,40786.7999997,4276,3,57,47
431000,2.73806,1.70716,40839.5999997,4284,3,58,4
431500,1.34738,-0.536221,40892.3999997,4292,3,58,20
432000,6.55209,5.93778,40947.1999997,4301,3,58,37
432500,8.29342,7.80197,41001.9999997,4310,3,58,53
433000,1.97767,0.0454416,41056.7999997,4319,3,59,10
433500,4.94287,3.90384,41112.4999997,4329,3,59,27
434000,5.0642,4.66164,41162.3999997,4335,3,59,43
434500,6.42454,4.07946,41214.2999997,4342,4,0,0
435000,7.04622,6.60872,41267.0999997,4350,4,0,16
435500,3.8829,3.76269,41317.8999997,4357,4,0,33
436000,7.06114,6.35719,41368.6999997,4364,4,0,49
436500,7.60572,7.37727,41420.5999997,4371,4,1,6
437000,4.99186,2.78515,41476.2999997,4381,4,1,22
437500,6.05557,5.13513,41527.0999997,4388,4,1,39
438000,6.83211,5.96781,41581.8999997,4397,4,1,56
438500,5.07914,4.81448,41632.6999997,4404,4,2,12
439000,2.99451,2.58401,41689.4999997,4414,4,2,29
439500,5.71436,5.33204,41745.1999997,4424,4,2,45
440000,0.77739,-1.4414,41795.9999997,4431,4,3,2
440500,5.71061,4.1634,41851.6999997,4441,4,3,19
441000,7.64101,7.304,41904.4999997,4449,4,3,36
441500,1.16472,0.654917,41959.2999997,4458,4,3,52
442000,6.84926,5.17211,42012.0999997,4466,4,4,9
442500,7.63298,7.41577,42068.6999997,4477,4,4,25
443000,5.62178,5.12626,42123.4999997,4486,4,4,42
443500,5.36666,3.93532,42175.3999997,4493,4,4,58
444000,6.20584,4.63721,42230.1999997,4502,4,5,15
444500,7.21114,7.55334,42283.8999997,4511,4,5,31
445000,3.11806,2.57083,42332.8999997,4516,4,5,48
445500,5.52497,4.61533,42392.5999997,4528,4,6,5
446000,7.16687,6.57864,42441.5999997,4533,4,6,21
446500,7.95765,7.75868,42500.1999997,4545,4,6,38
447000,7.83752,7.43959,42554.0999997,4553,4,6,54
447500,4.65705,4.56,42611.7999997,4564,4,7,11
448000,5.92031,4.95585,42659.6999997,4569,4,7,27
448500,7.35247,7.05783,42717.3999997,4580,4,7,44
449000,4.96881,3.42263,42772.1999997,4589,4,8,0
449500,6.29402,5.92223,42826.9999997,4598,4,8,17
450000,6.45164,6.18136,42881.7999997,4607,4,8,34
450500,6.11275,5.40226,42934.5999997,4615,4,8,51
451000,3.16768,2.12243,42987.3999997,4623,4,9,7
451500,7.48393,5.96563,43037.2999997,4629,4,9,24
452000,5.29874,4.91425,43091.1999997,4637,4,9,41
452500,7.70856,7.29694,43141.9999997,4644,4,9,57
453000,4.61241,3.57972,43199.6999997,4655,4,10,14
453500,4.12158,3.9626,43254.4999997,4664,4,10,30
454000,8.05699,6.20197,43303.4999997,4669,4,10,47
454500,2.77072,2.40688,43358.0999997,4679,4,11,3
455000,8.23671,7.24388,43410.8999997,4687,4,11,20
455500,2.55592,1.98504,43463.6999997,4695,4,11,36
456000,5.95233,4.59865,43518.4999997,4704,4,11,53
456500,7.50521,7.11528,43570.3999997,4711,4,12,10
457000,5.48894,5.42067,43625.1999997,4720,4,12,26
457500,8.19746,6.27219,43679.9999997,4729,4,12,43
458000,6.22845,3.88847,43737.6999997,4740,4,12,59
458500,0.747996,-1.47468,43787.5999997,4746,4,13,16
459000,5.97224,4.94372,43845.2999997,4757,4,13,32
459500,2.30614,-0.417271,43906.9999997,4770,4,13,49
460000,6.71615,6.08068,43964.6999997,4781,4,14,6
460500,7.11339,6.62421,44018.3999997,4790,4,14,23
461000,7.25229,6.98436,44075.1999997,4800,4,14,39
461500,8.07243,6.92169,44130.8999996,4810,4,14,56
462000,3.18845,1.58691,44181.6999996,4817,4,15,13
462500,7.90389,6.73134,44239.3999996,4828,4,15,29
463000,7.50936,5.47018,44295.0999996,4838,4,15,46
463500,6.17163,5.34517,44354.7999996,4850,4,16,2
464000,7.05805,5.46987,44406.6999996,4857,4,16,19
464500,7.06411,6.49084,44466.3999996,4869,4,16,35
465000,8.34991,6.27606,44526.9999996,4882,4,16,52
465500,4.10174,2.67761,44584.6999996,4893,4,17,8
466000,7.67599,6.24518,44636.3999996,4901,4,17,25
466500,2.2114,0.884663,44694.0999996,4912,4,17,42
467000,6.43187,5.95799,44741.9999996,4917,4,17,58
467500,8.5757,5.21021,44796.7999996,4926,4,18,15
468000,5.29625,3.31469,44852.4999996,4936,4,18,31
468500,6.82258,6.26674,44908.1999996,4946,4,18,48
469000,6.62,4.41039,44960.0999996,4953,4,19,4
469500,2.08484,-1.33006,45017.7999996,4964,4,19,21
470000,4.86208,4.56813,45072.3999996,4974,4,19,38
470500,8.75487,8.35077,45127.1999996,4983,4,19,55
471000,8.55676,8.10951,45184.8999996,4994,4,20,11
471500,2.07638,2.45254,45236.7999996,5001,4,20,28
472000,7.57496,6.47026,45290.4999996,5010,4,20,44
472500,2.75735,2.06007,45343.2999996,5018,4,21,1
473000,8.37402,6.93039,45391.1999996,5023,4,21,17
473500,7.87268,6.83097,45442.8999996,5031,4,21,34
474000,6.48316,6.49033,45501.4999996,5043,4,21,51
474500,0.788863,-0.213701,45553.3999996,5050,4,22,7
475000,6.30092,4.64954,45608.1999996,5059,4,22,24
475500,2.32411,1.87345,45659.8999996,5067,4,22,40
476000,8.83337,8.60469,45714.6999996,5076,4,22,57
476500,7.2465,6.75562,45773.2999996,5088,4,23,13
477000,7.0699,7.14915,45826.9999996,5097,4,23,30
477500,-0.998139,-0.411865,45883.7999996,5107,4,23,47
478000,8.12741,6.67028,45937.4999996,5116,4,24,3
478500,9.60887,8.40477,45996.0999996,5128,4,24,20
479000,5.55414,3.86879,46053.7999996,5139,4,24,36
479500,4.0242,1.69984,46104.5999996,5146,4,24,53
480000,7.29934,4.75455,46159.3999996,5155,4,25,10
480500,5.223,4.12981,46215.0999996,5165,4,25,27
481000,7.46067,5.56492,46271.8999996,5175,4,25,43
481500,7.17276,3.64777,46334.4999996,5189,4,26,0
482000,7.19132,6.20466,46389.2999996,5198,4,26,16
482500,3.67672,2.1925,46446.0999996,5208,4,26,33
483000,6.602,6.85087,46500.6999996,5218,4,26,49
483500,8.47538,8.65105,46558.3999996,5229,4,27,6
484000,5.35961,3.99411,46618.0999996,5241,4,27,23
484500,7.0436,5.97512,46668.8999996,5248,4,27,39
485000,7.54021,5.57708,46726.5999996,5259,4,27,56
485500,4.25989,2.04069,46786.2999996,5271,4,28,12
486000,4.43604,3.3578,46839.0999996,5279,4,28,29
486500,5.90587,5.35234,46891.8999996,5287,4,28,45
487000,8.29611,5.93455,46946.6999996,5296,4,29,2
487500,1.98528,1.34785,47002.3999996,5306,4,29,19
488000,7.36536,7.45647,47057.1999996,5315,4,29,35
488500,2.08734,2.13681,47111.9999996,5324,4,29,52
489000,6.88966,7.49791,47167.6999996,5334,4,30,8
489500,2.61007,1.92068,47220.4999996,5342,4,30,25
490000,3.05621,-0.451488,47280.1999996,5354,4,30,42
490500,1.76985,0.440979,47339.8999996,5366,4,30,59
491000,2.43306,0.642145,47399.5999996,5378,4,31,15
491500,5.71116,4.25783,47454.3999996,5387,4,31,32
492000,5.66544,5.16694,47510.0999996,5397,4,31,48
492500,-2.0444,-1.89701,47560.8999996,5404,4,32,5
493000,6.61676,5.14997,47618.5999996,5415,4,32,21
493500,10.7296,8.41753,47668.4999996,5421,4,32,38
494000,8.29879,7.41691,47726.1999996,5432,4,32,55
494500,8.19674,7.41944,47779.8999996,5441,4,33,11
495000,6.49167,5.14607,47833.7999996,5449,4,33,28
495500,4.34818,2.67225,47891.4999996,5460,4,33,44
496000,7.71876,7.72476,47949.1999996,5471,4,34,1
496500,7.46392,6.49153,48006.8999996,5482,4,34,17
497000,2.04797,1.47722,48061.6999996,5491,4,34,34
497500,3.88617,2.55123,48117.3999996,5501,4,34,50
498000,8.56464,8.26257,48175.0999996,5512,4,35,7
498500,6.92294,6.39236,48236.7999996,5525,4,35,24
499000,9.7673,9.09493,48287.5999996,5532,4,35,40
499500,9.06955,8.37162,48347.2999996,5544,4,35,57
500000,7.60671,5.86122,48398.0999996,5551,4,36,14
500500,6.68199,6.45861,48453.7999996,5561,4,36,30
501000,1.49642,0.192445,48511.4999996,5572,4,36,47
501500,8.09697,5.30064,48566.2999996,5581,4,37,3
502000,8.01996,7.08995,48623.9999996,5592,4,37,20
502500,6.73377,5.54417,48678.7999996,5601,4,37,37
503000,8.16112,6.66565,48740.4999996,5614,4,37,53
503500,8.59293,8.12593,48797.0999996,5625,4,38,10
504000,8.05139,7.97325,48852.7999996,5635,4,38,26
504500,-0.458958,-0.952033,48904.6999996,5642,4,38,43
505000,7.17778,6.29948,48952.3999996,5648,4,38,59
505500,8.76175,8.43976,49007.1999996,5657,4,39,16
506000,8.00809,7.12062,49067.7999996,5670,4,39,32
506500,9.11694,8.27966,49123.4999996,5680,4,39,49
507000,4.16319,3.02817,49182.2999996,5691,4,40,6
507500,8.42502,8.20558,49237.0999996,5700,4,40,22
508000,8.07689,8.31291,49292.7999996,5710,4,40,39
508500,7.41238,4.82874,49349.5999996,5720,4,40,55
509000,7.71114,7.77006,49410.1999996,5733,4,41,12
509500,8.66635,6.70927,49466.9999996,5743,4,41,28
510000,1.10403,0.293555,49523.7999996,5753,4,41,46
510500,9.19171,8.41925,49577.4999996,5762,4,42,2
511000,8.46437,6.43146,49631.3999996,5770,4,42,19
511500,6.90919,6.40677,49687.0999996,5780,4,42,35
512000,9.7885,7.69077,49741.8999996,5789,4,42,52
512500,8.32027,6.39903,49804.4999996,5803,4,43,8
513000,5.40623,2.47706,49857.2999996,5811,4,43,25
513500,4.11566,1.97096,49910.9999996,5820,4,43,41
514000,7.9973,6.29799,49968.6999996,5831,4,43,58
514500,2.49272,1.11483,50025.4999996,5841,4,44,14
515000,8.29842,7.03514,50076.2999996,5848,4,44,31
515500,8.77971,8.16184,50131.9999996,5858,4,44,48
516000,6.04092,4.2917,50190.7999996,5869,4,45,4
516500,0.959753,0.266428,50250.4999996,5881,4,45,21
517000,7.89676,7.00733,50301.2999996,5888,4,45,37
517500,3.11115,0.553906,50356.0999996,5897,4,45,54
518000,4.9998,2.83132,50412.8999996,5907,4,46,10
518500,6.38565,5.90882,50465.6999996,5915,4,46,27
519000,8.33443,8.32713,50525.3999996,5927,4,46,44
519500,8.07712,6.84741,50578.1999996,5935,4,47,0
520000,8.10578,7.4194,50635.8999996,5946,4,47,17
520500,8.11248,6.37953,50690.6999996,5955,4,47,34
521000,6.58147,6.22329,50746.3999996,5965,4,47,50
521500,4.6349,5.18069,50803.1999996,5975,4,48,7
522000,7.25219,6.1681,50857.7999996,5985,4,48,24
522500,1.96926,1.6697,50912.5999996,5994,4,48,40
523000,-0.29403,-0.569436,50964.4999996,6001,4,48,57
523500,6.22171,6.13802,51014.3999996,6007,4,49,13
524000,9.49894,7.86784,51065.1999996,6014,4,49,30
524500,3.42377,2.87087,51123.7999996,6026,4,49,46
525000,9.36805,7.12657,51182.5999996,6037,4,50,3
525500,9.12861,7.86269,51238.2999996,6047,4,50,19
526000,7.60777,5.30678,51293.0999996,6056,4,50,36
526500,7.66497,6.58772,51347.8999996,6065,4,50,53
527000,7.71665,7.4213,51402.6999996,6074,4,51,9
527500,-3.53898,-3.37038,51459.4999996,6084,4,51,26
528000,7.52066,6.77758,51517.1999996,6095,4,51,42
528500,7.17438,4.96987,51574.8999996,6106,4,51,59
529000,5.08529,3.40073,51635.4999996,6119,4,52,15
529500,9.87583,7.98362,51692.2999996,6129,4,52,32
530000,6.35129,4.4069,51749.9999996,6140,4,52,49
530500,8.07273,6.89066,51805.6999996,6150,4,53,5
531000,5.96126,5.24576,51865.3999996,6162,4,53,22
531500,7.4594,4.63915,51912.3999996,6166,4,53,39
532000,8.56064,6.79076,51969.1999995,6176,4,53,55
532500,9.31071,7.75842,52025.7999995,6187,4,54,12
533000,4.13071,4.30754,52080.5999995,6196,4,54,28
533500,8.19446,9.22965,52135.3999995,6205,4,54,45
534000,7.50631,5.34724,52195.0999995,6217,4,55,1
534500,8.33703,6.85113,52249.8999995,6226,4,55,18
535000,9.43041,7.31618,52309.5999995,6238,4,55,35
535500,5.93221,4.56005,52367.2999995,6249,4,55,51
536000,8.81627,8.88992,52420.0999995,6257,4,56,8
536500,8.26573,7.18611,52477.7999995,6268,4,56,24
537000,8.24517,8.14832,52537.4999995,6280,4,56,41
537500,8.61402,7.66515,52592.2999995,6289,4,56,57
538000,0.832554,0.632165,52649.0999995,6299,4,57,14
538500,-1.08405,-1.07951,52703.8999995,6308,4,57,30
539000,6.78761,6.39619,52756.6999995,6316,4,57,47
539500,8.61933,8.0018,52811.4999995,6325,4,58,4
540000,1.93582,1.73447,52867.1999995,6335,4,58,21
540500,10.383,8.49071,52923.9999995,6345,4,58,38
541000,2.6407,1.97098,52983.6999995,6357,4,58,54
541500,8.51117,8.5906,53041.3999995,6368,4,59,11
542000,9.67311,7.86748,53098.1999995,6378,4,59,27
542500,10.5851,8.85604,53155.8999995,6389,4,59,44
543000,6.88619,6.0132,53213.5999995,6400,5,0,0
543500,6.86776,6.99942,53265.4999995,6407,5,0,17
544000,7.49906,7.19957,53313.3999995,6412,5,0,33
544500,8.26229,7.39462,53370.1999995,6422,5,0,50
545000,1.23797,0.0503362,53426.9999995,6432,5,1,7
545500,8.46912,7.08967,53479.7999995,6440,5,1,23
546000,-0.022713,-1.07286,53534.5999995,6449,5,1,40
546500,8.93229,6.69531,53594.2999995,6461,5,1,56
547000,0.780995,-0.104282,53653.9999995,6473,5,2,13
547500,6.50713,3.82537,53711.6999995,6484,5,2,29
548000,7.14318,4.82846,53769.3999995,6495,5,2,46
548500,8.77826,8.36208,53829.0999995,6507,5,3,2
549000,8.44245,6.91757,53888.7999995,6519,5,3,19
549500,9.14802,9.29773,53942.4999995,6528,5,3,36
550000,-0.555999,-0.389357,53996.3999995,6536,5,3,53
550500,1.15663,0.4126,54051.1999995,6545,5,4,9
551000,9.87752,9.14834,54101.0999995,6551,5,4,26
551500,9.73465,7.67583,54163.6999995,6565,5,4,42
552000,6.98991,5.1956,54220.4999995,6575,5,4,59
552500,10.0929,8.12381,54282.1999995,6588,5,5,16
553000,9.44287,6.96859,54339.8999995,6599,5,5,32
553500,9.75244,9.56321,54399.5999995,6611,5,5,49
554000,9.69416,8.35416,54459.2999995,6623,5,6,5
554500,9.38667,9.37489,54514.0999995,6632,5,6,22
555000,8.8201,7.80148,54573.7999995,6644,5,6,38
555500,10.1549,7.6568,54626.5999995,6652,5,6,55
556000,8.29815,8.41418,54684.2999995,6663,5,7,11
556500,8.84609,8.31425,54739.0999995,6672,5,7,28
557000,9.21674,7.46964,54800.7999995,6685,5,7,45
557500,2.5161,1.14264,54855.5999995,6694,5,8,1
558000,1.82429,1.37682,54911.2999995,6704,5,8,18
558500,6.84969,6.51222,54968.0999995,6714,5,8,34
559000,7.09541,7.12317,55017.9999995,6720,5,8,51
559500,8.27035,5.92829,55068.7999995,6727,5,9,7
560000,2.43704,1.38825,55126.4999995,6738,5,9,25
560500,9.71992,7.53356,55183.2999995,6748,5,9,41
561000,9.08567,8.50773,55238.9999995,6758,5,9,58
561500,8.80522,8.7998,55295.7999995,6768,5,10,14
562000,8.63048,6.36571,55355.4999995,6780,5,10,31
562500,7.86588,6.1205,55415.1999995,6792,5,10,47
563000,10.1156,8.00126,55474.8999995,6804,5,11,4
563500,8.24898,7.18757,55535.4999995,6817,5,11,21
564000,1.62543,1.69676,55595.1999995,6829,5,11,37
564500,8.88634,7.98035,55650.8999995,6839,5,11,54
565000,9.9121,9.20444,55699.6999995,6845,5,12,10
565500,6.51634,5.15564,55751.5999995,6852,5,12,27
566000,9.53702,8.96897,55804.3999995,6860,5,12,43
566500,10.0876,9.28302,55864.0999995,6872,5,13,0
567000,9.68937,7.73527,55921.7999995,6883,5,13,17
567500,-0.771573,-0.559913,55974.5999995,6891,5,13,33
568000,10.1604,7.90614,56031.3999995,6901,5,13,50
568500,9.50488,7.79243,56090.8999995,6914,5,14,6
569000,10.0746,9.85101,56140.7999995,6920,5,14,23
569500,8.90695,6.7852,56195.5999995,6929,5,14,39
570000,8.73698,7.82001,56258.1999995,6943,5,14,57
570500,3.41557,0.777304,56307.8999995,6950,5,15,13
571000,8.22509,6.88281,56362.4999995,6960,5,15,30
571500,6.22554,3.43016,56416.1999995,6969,5,15,46
572000,5.2775,4.5009,56466.9999995,6976,5,16,3
572500,8.14775,6.47852,56524.6999995,6987,5,16,19
573000,10.1941,9.36689,56582.3999995,6998,5,16,36
573500,10.163,8.46393,56638.0999995,7008,5,16,52
574000,8.9305,8.78609,56698.6999995,7021,5,17,9
574500,9.62948,8.96683,56755.4999995,7031,5,17,26
575000,6.24512,4.47118,56811.1999995,7041,5,17,42
575500,2.28551,1.17094,56864.8999995,7050,5,17,59
576000,9.33786,7.03876,56921.6999995,7060,5,18,15
576500,-0.302787,-0.61391,56977.3999995,7070,5,18,32
577000,8.56484,8.4883,57032.1999995,7079,5,18,48
577500,7.21201,6.4592,57091.8999995,7091,5,19,5
578000,7.73577,6.703,57150.4999995,7103,5,19,21
578500,-0.0851342,0.152302,57208.1999995,7114,5,19,38
579000,9.75906,8.55656,57264.7999995,7125,5,19,55
579500,2.46834,1.65495,57317.5999995,7133,5,20,11
580000,8.9349,8.18897,57370.1999995,7142,5,20,28
580500,7.94784,8.49047,57425.8999995,7152,5,20,45
581000,6.74856,6.92647,57485.5999995,7164,5,21,1
581500,0.284902,0.205538,57543.2999995,7175,5,21,18
582000,2.79526,2.00171,57595.1999995,7182,5,21,35
582500,8.50971,8.60565,57653.7999995,7194,5,21,51
583000,5.14155,4.59893,57705.6999995,7201,5,22,8
583500,9.06936,7.04859,57761.3999995,7211,5,22,24
584000,8.43572,7.46024,57819.0999995,7222,5,22,41
584500,6.72176,5.36358,57875.8999995,7232,5,22,57
585000,8.60336,8.54178,57938.4999995,7246,5,23,14
585500,6.4903,5.1624,57994.1999995,7256,5,23,31
586000,9.5921,7.35364,58053.8999995,7268,5,23,47
586500,7.35927,5.97788,58111.5999995,7279,5,24,4
587000,8.73829,8.92005,58166.1999995,7289,5,24,20
587500,9.99294,9.34252,58220.9999995,7298,5,24,37
588000,3.19724,3.00783,58276.6999995,7308,5,24,53
588500,5.3735,4.51331,58331.4999995,7317,5,25,10
589000,8.81884,7.67118,58386.2999995,7326,5,25,26
589500,7.96025,6.89908,58448.8999995,7340,5,25,43
590000,8.70696,8.59713,58503.6999995,7349,5,26,0
590500,8.12164,6.86034,58563.3999995,7361,5,26,17
591000,9.30435,9.44314,58623.0999995,7373,5,26,33
591500,4.00953,2.80938,58680.7999995,7384,5,26,50
592000,8.87076,7.92295,58737.5999995,7394,5,27,6
592500,10.4812,10.1652,58792.3999995,7403,5,27,23
593000,9.18096,6.75882,58852.9999995,7416,5,27,40
593500,7.54199,6.81774,58908.6999995,7426,5,27,56
594000,9.49368,9.33893,58961.4999995,7434,5,28,13
594500,8.89616,9.17222,59017.1999995,7444,5,28,29
595000,9.25039,7.29524,59077.9999995,7456,5,28,46
595500,9.16917,7.70775,59136.5999995,7468,5,29,2
596000,9.18923,6.67696,59194.2999995,7479,5,29,19
596500,9.33801,6.05595,59253.9999995,7491,5,29,35
597000,10.6726,9.93193,59313.6999995,7503,5,29,52
597500,9.4759,8.57064,59368.4999995,7512,5,30,9
598000,9.52695,7.70819,59430.1999995,7525,5,30,25
598500,10.6418,8.83785,59490.7999995,7538,5,30,42
599000,8.23066,6.97348,59545.5999995,7547,5,30,58
599500,6.16444,6.11866,59605.2999995,7559,5,31,15
600000,9.46198,9.2506,59654.2999995,7564,5,31,32
600500,5.87414,5.31536,59716.8999995,7578,5,31,49
601000,9.56007,7.19708,59778.5999995,7591,5,32,5
601500,5.28423,2.56752,59841.1999995,7605,5,32,22
602000,9.39254,7.07621,59902.8999995,7618,5,32,38
602500,7.96638,5.75309,59961.4999994,7630,5,32,55
603000,9.73525,7.94353,60021.1999994,7642,5,33,11
603500,9.70296,8.16585,60080.8999994,7654,5,33,28
604000,9.13503,8.20847,60143.4999994,7668,5,33,44
604500,9.29894,7.86227,60205.1999994,7681,5,34,1
605000,9.75794,9.24827,60267.7999994,7695,5,34,18
605500,8.83328,7.15033,60329.4999994,7708,5,34,34
606000,9.98447,8.47703,60387.1999994,7719,5,34,51
606500,9.33516,7.93356,60446.8999994,7731,5,35,7
607000,9.88768,8.34949,60505.6999994,7742,5,35,24
607500,9.7174,8.49922,60568.2999994,7756,5,35,40
608000,5.43594,4.54633,60629.9999994,7769,5,35,57
608500,4.25142,4.35532,60685.6999994,7779,5,36,14
609000,2.93562,2.76701,60745.3999994,7791,5,36,30
609500,8.92741,8.37773,60803.0999994,7802,5,36,47
610000,4.60413,0.910591,60862.7999994,7814,5,37,4
610500,4.41068,4.03551,60922.4999994,7826,5,37,21
611000,10.8729,8.87242,60981.0999994,7838,5,37,37
611500,9.896,7.3929,61040.7999994,7850,5,37,54
612000,6.66067,5.50735,61099.3999994,7862,5,38,10
612500,9.67316,7.59103,61159.0999994,7874,5,38,27
613000,9.36822,7.45768,61218.7999994,7886,5,38,43
613500,8.82446,7.80629,61280.4999994,7899,5,39,0
614000,10.2623,10.0633,61340.1999994,7911,5,39,17
614500,3.636,1.21285,61397.8999994,7922,5,39,33
615000,6.18176,4.69972,61455.5999994,7933,5,39,50
615500,6.67375,5.56556,61512.3999994,7943,5,40,6
616000,4.8628,1.60448,61572.0999994,7955,5,40,23
616500,10.2166,8.23825,61633.7999994,7968,5,40,39
617000,6.48542,5.29098,61693.4999994,7980,5,40,56
617500,10.164,8.08714,61756.0999994,7994,5,41,12
618000,5.35656,2.56043,61813.7999994,8005,5,41,29
618500,4.62176,1.57268,61868.5999994,8014,5,41,46
619000,4.54905,2.20524,61925.3999994,8024,5,42,2
619500,10.1066,7.1536,61985.0999994,8036,5,42,19
620000,9.51574,7.46665,62047.6999994,8050,5,42,36
620500,12.0105,8.64703,62109.3999994,8063,5,42,52
621000,5.74712,3.17083,62171.9999994,8077,5,43,9
621500,10.1196,8.73543,62223.8999994,8084,5,43,26
622000,8.2853,8.01723,62286.4999994,8098,5,43,42
622500,8.79257,6.67494,62346.1999994,8110,5,43,59
623000,10.5017,10.0002,62401.8999994,8120,5,44,15
623500,8.22379,8.70445,62458.6999994,8130,5,44,32
624000,9.6245,9.18607,62517.4999994,8141,5,44,48
624500,8.21437,5.58467,62580.0999994,8155,5,45,5
625000,9.96071,8.94743,62637.7999994,8166,5,45,21
625500,4.57955,1.25917,62697.4999994,8178,5,45,38
626000,6.73099,3.54083,62752.2999994,8187,5,45,55
626500,7.95378,7.15908,62811.9999994,8199,5,46,11
627000,9.91147,9.068,62872.5999994,8212,5,46,28
627500,6.84707,3.91057,62926.4999994,8220,5,46,44
628000,9.56043,8.14729,62983.2999994,8230,5,47,1
628500,8.06982,7.52812,63043.8999994,8243,5,47,17
629000,10.7549,9.75991,63104.4999994,8256,5,47,34
629500,10.5682,7.96878,63164.1999994,8268,5,47,51
630000,10.2567,9.23721,63218.9999994,8277,5,48,8
630500,11.7028,7.46715,63278.6999994,8289,5,48,24
631000,10.9387,9.11965,63338.3999994,8301,5,48,41
631500,10.5067,8.81652,63400.9999994,8315,5,48,58
632000,11.5611,9.71537,63457.7999994,8325,5,49,14
632500,8.02024,7.49294,63520.3999994,8339,5,49,31
633000,9.19487,8.14347,63580.0999994,8351,5,49,47
633500,9.3706,6.96751,63639.7999994,8363,5,50,4
634000,9.19187,6.35482,63702.3999994,8377,5,50,20
634500,9.22123,7.38354,63760.0999994,8388,5,50,37
635000,9.71051,7.10327,63822.6999994,8402,5,50,53
635500,10.0,9.19279,63883.2999994,8415,5,51,10
636000,12.6897,9.57689,63942.0999994,8426,5,51,27
636500,11.1925,10.0404,63997.7999994,8436,5,51,43
637000,10.699,9.00461,64060.3999994,8450,5,52,0
637500,8.60007,6.54943,64122.0999994,8463,5,52,16
638000,9.36161,5.93643,64181.7999994,8475,5,52,33
638500,10.971,9.20584,64238.5999994,8485,5,52,49
639000,9.04323,8.44959,64301.1999994,8499,5,53,6
639500,12.2121,7.80624,64362.8999994,8512,5,53,23
640000,11.5035,11.289,64425.4999994,8526,5,53,40
640500,9.90891,8.66458,64485.1999994,8538,5,53,56
641000,10.4196,9.63586,64544.8999994,8550,5,54,13
641500,11.5543,10.3388,64606.5999994,8563,5,54,30
642000,4.08313,1.81471,64666.2999994,8575,5,54,46
642500,10.5638,7.43867,64721.9999994,8585,5,55,3
643000,11.2842,7.63837,64781.6999994,8597,5,55,19
643500,4.62888,6.20358,64836.4999994,8606,5,55,36
644000,7.33436,5.76962,64898.1999994,8619,5,55,52
644500,10.5892,8.73796,64960.7999994,8633,5,56,9
645000,11.1103,8.8814,65020.4999994,8645,5,56,25
645500,10.0805,8.4241,65075.2999994,8654,5,56,42
646000,11.3096,6.94105,65133.8999994,8666,5,56,59
646500,7.89553,7.17868,65195.5999994,8679,5,57,15
647000,11.6699,10.1793,65252.3999994,8689,5,57,32
647500,11.4244,8.10746,65312.0999994,8701,5,57,48
648000,11.3334,10.4722,65372.6999994,8714,5,58,5
648500,9.24486,7.06419,65430.3999994,8725,5,58,21
649000,9.65243,9.73985,65486.0999994,8735,5,58,38
649500,11.1257,9.41495,65539.9999994,8743,5,58,54
650000,10.3889,8.26069,65597.6999994,8754,5,59,11
650500,8.80533,6.74111,65655.3999994,8765,5,59,28
651000,10.502,8.31751,65710.1999994,8774,5,59,45
651500,11.6409,8.45509,65771.8999994,8787,6,0,1
652000,11.085,7.96504,65834.4999994,8801,6,0,18
652500,10.3674,8.73331,65896.1999994,8814,6,0,34
653000,5.09526,3.61204,65956.7999994,8827,6,0,51
653500,10.8865,9.89645,66016.4999994,8839,6,1,7
654000,7.09418,5.54579,66076.1999994,8851,6,1,24
654500,10.774,9.18039,66135.8999994,8863,6,1,41
655000,11.1588,8.86006,66198.4999994,8877,6,1,57
655500,10.7513,8.65574,66260.1999994,8890,6,2,14
656000,12.203,10.8431,66315.8999994,8900,6,2,30
656500,12.0252,8.55937,66372.6999994,8910,6,2,47
657000,10.4556,7.61718,66435.2999994,8924,6,3,3
657500,11.3115,9.02221,66496.9999994,8937,6,3,20
658000,6.57382,4.63073,66557.5999994,8950,6,3,36
658500,9.6881,8.29876,66620.1999994,8964,6,3,53
659000,6.32255,6.91958,66681.8999994,8977,6,4,9
659500,9.52351,7.86158,66744.4999994,8991,6,4,26
660000,11.3078,10.7258,66806.1999994,9004,6,4,43
660500,10.9767,9.17549,66864.7999994,9016,6,5,0
661000,9.04293,8.90748,66922.4999994,9027,6,5,16
661500,9.88287,6.0178,66982.1999995,9039,6,5,33
662000,10.445,10.041,67041.8999995,9051,6,5,49
662500,9.63535,8.70227,67096.4999995,9061,6,6,6
663000,10.666,9.5365,67156.1999995,9073,6,6,22
663500,10.9345,8.22349,67215.8999995,9085,6,6,39
664000,11.7846,11.8692,67270.6999995,9094,6,6,56
664500,11.4171,10.4038,67330.3999995,9106,6,7,12
665000,9.1989,5.69314,67392.9999995,9120,6,7,29
665500,10.3423,10.6167,67454.6999995,9133,6,7,45
666000,10.7107,9.24482,67517.2999995,9147,6,8,2
666500,11.389,11.7559,67578.9999995,9160,6,8,18
667000,9.66368,8.79475,67637.5999995,9172,6,8,35
667500,9.38485,10.6374,67696.3999995,9183,6,8,51
668000,10.6253,7.69967,67758.0999995,9196,6,9,8
668500,11.2922,7.96486,67820.6999995,9210,6,9,25
669000,11.1666,10.2819,67878.1999995,9222,6,9,41
669500,10.8602,9.94487,67939.8999995,9235,6,9,58
670000,8.23799,5.60468,68001.5999995,9248,6,10,15
670500,11.2507,9.37999,68064.1999995,9262,6,10,31
671000,6.04908,3.87248,68121.8999995,9273,6,10,48
671500,10.7202,9.77772,68183.5999995,9286,6,11,4
672000,5.69623,3.99831,68246.1999995,9300,6,11,21
672500,10.4619,9.64281,68305.8999995,9312,6,11,37
673000,6.45688,5.10809,68360.6999995,9321,6,11,54
673500,10.0427,8.05211,68420.3999995,9333,6,12,11
674000,10.4942,8.81454,68480.0999995,9345,6,12,27
674500,11.5154,11.4988,68539.7999995,9357,6,12,44
675000,10.7935,9.97499,68602.3999995,9371,6,13,0
675500,9.26775,5.78548,68662.0999995,9383,6,13,17
676000,11.0166,9.33071,68717.7999995,9393,6,13,33
676500,11.6697,9.46029,68775.4999995,9404,6,13,50
677000,6.20327,3.34175,68838.0999995,9418,6,14,6
677500,10.9724,9.37504,68899.7999995,9431,6,14,23
678000,11.0748,9.72234,68957.4999995,9442,6,14,40
678500,6.84794,7.06648,69017.1999995,9454,6,14,56
679000,6.88528,4.97437,69076.8999996,9466,6,15,13
679500,10.9196,8.54046,69136.5999996,9478,6,15,29
680000,7.43817,3.88718,69198.2999996,9491,6,15,47
680500,10.6814,8.63939,69258.8999996,9504,6,16,3
681000,11.2567,11.0862,69318.5999996,9516,6,16,20
681500,1.50224,0.210576,69380.2999996,9529,6,16,36
682000,11.4179,8.35132,69439.9999996,9541,6,16,53
682500,11.6006,8.89623,69500.5999996,9554,6,17,9
683000,12.0374,9.11162,69553.3999996,9562,6,17,26
683500,6.66289,4.59026,69613.9999996,9575,6,17,43
684000,5.57492,6.4077,69675.6999996,9588,6,17,59
684500,10.4634,6.9672,69733.1999996,9600,6,18,16
685000,7.18728,5.12037,69791.7999996,9612,6,18,32
685500,11.019,9.52049,69853.4999996,9625,6,18,49
686000,11.054,9.45775,69916.0999996,9639,6,19,5
686500,11.7534,11.6034,69977.7999996,9652,6,19,22
687000,9.72965,9.96466,70040.3999996,9666,6,19,38
687500,10.8286,7.31942,70100.0999996,9678,6,19,55
688000,11.8633,8.26763,70157.7999996,9689,6,20,12
688500,11.3429,8.24789,70219.4999996,9702,6,20,28
689000,10.5331,8.94867,70279.1999996,9714,6,20,45
689500,10.3807,8.94794,70341.7999996,9728,6,21,1
690000,11.705,9.0131,70401.4999996,9740,6,21,19
690500,12.1179,9.29768,70463.1999996,9753,6,21,35
691000,11.6024,9.23026,70525.7999996,9767,6,21,52
691500,11.5275,10.9367,70585.4999996,9779,6,22,8
692000,8.40226,5.29994,70645.1999996,9791,6,22,25
692500,11.9205,8.69963,70707.7999996,9805,6,22,41
693000,11.3302,9.42892,70767.4999996,9817,6,22,58
693500,10.0521,9.49171,70825.1999996,9828,6,23,14
694000,8.78182,7.16408,70883.7999996,9840,6,23,31
694500,10.0756,9.40906,70946.3999996,9854,6,23,47
695000,2.94064,1.37867,71004.0999996,9865,6,24,4
695500,11.4734,9.84072,71063.7999996,9877,6,24,21
696000,10.2352,10.4964,71126.3999996,9891,6,24,37
696500,10.2459,9.18529,71188.0999996,9904,6,24,54
697000,11.1959,10.2562,71247.7999997,9916,6,25,10
697500,11.2739,11.1182,71310.3999997,9930,6,25,27
698000,8.68476,5.9086,71372.0999997,9943,6,25,43
698500,10.8793,7.55514,71434.6999997,9957,6,26,0
699000,11.5412,8.03483,71494.3999997,9969,6,26,16
699500,10.7092,9.26464,71556.9999997,9983,6,26,33
700000,10.5259,9.10148,71616.6999997,9995,6,26,50
700500,11.3375,7.91909,71676.3999997,10007,6,27,7
701000,11.8724,8.96027,71738.0999997,10020,6,27,24
701500,8.93423,7.79118,71800.6999997,10034,6,27,40
702000,8.70918,6.0292,71856.3999997,10044,6,27,57
702500,11.0936,8.96973,71916.0999997,10056,6,28,13
703000,10.5093,9.92257,71975.7999997,10068,6,28,30
703500,6.80186,5.51058,72037.4999997,10081,6,28,46
704000,11.6589,8.81108,72095.1999997,10092,6,29,3
704500,11.1032,8.68216,72156.8999997,10105,6,29,19
705000,11.6533,10.2935,72216.5999997,10117,6,29,36
705500,10.8334,10.5531,72276.2999997,10129,6,29,53
706000,11.4226,7.83014,72335.9999997,10141,6,30,9
706500,10.5075,7.47477,72398.5999997,10155,6,30,26
707000,11.2509,7.80431,72460.2999997,10168,6,30,42
707500,11.6642,9.31639,72522.8999997,10182,6,30,59
708000,11.0909,8.77764,72584.5999997,10195,6,31,15
708500,8.32198,6.12014,72645.1999997,10208,6,31,32
709000,8.93902,6.69506,72706.8999997,10221,6,31,48
709500,11.2835,8.46054,72767.4999997,10234,6,32,5
710000,12.0177,9.61129,72829.1999997,10247,6,32,22
710500,11.7004,11.118,72891.7999997,10261,6,32,39
711000,12.7032,5.41597,72953.4999997,10274,6,32,55
711500,10.3169,8.19904,73012.0999997,10286,6,33,12
712000,10.4737,11.5311,73073.7999997,10299,6,33,28
712500,10.5039,10.771,73136.3999997,10313,6,33,45
713000,12.2618,7.85728,73198.0999997,10326,6,34,1
713500,10.8186,7.75699,73260.6999997,10340,6,34,18
714000,12.0089,9.52381,73322.3999997,10353,6,34,35
714500,11.0078,8.01642,73384.9999998,10367,6,34,51
715000,10.538,9.91034,73442.6999998,10378,6,35,8
715500,11.2952,8.08987,73504.3999998,10391,6,35,24
716000,11.5807,7.51573,73566.9999998,10405,6,35,41
716500,10.5887,9.49877,73624.6999998,10416,6,35,57
717000,9.83883,7.82051,73686.3999998,10429,6,36,14
717500,11.179,9.36111,73746.9999998,10442,6,36,30
718000,11.4989,8.33375,73808.6999998,10455,6,36,47
718500,10.8824,9.03434,73864.3999998,10465,6,37,3
719000,11.7333,10.8361,73924.9999998,10478,6,37,20
719500,10.1577,9.46498,73982.6999998,10489,6,37,37
720000,11.8589,5.72953,74044.3999998,10502,6,37,54
720500,11.4134,9.70839,74104.0999998,10514,6,38,10
721000,11.7197,7.97126,74164.6999998,10527,6,38,27
721500,11.0257,8.85412,74226.3999998,10540,6,38,43
722000,10.7834,10.7106,74288.9999998,10554,6,39,0
722500,10.6094,10.5898,74350.6999998,10567,6,39,17
723000,11.5128,9.26322,74410.3999998,10579,6,39,33
723500,11.6111,9.62628,74472.9999998,10593,6,39,50
724000,10.8868,9.24928,74534.6999998,10606,6,40,6
724500,11.3665,8.97011,74597.2999998,10620,6,40,23
725000,11.7601,9.62033,74658.9999998,10633,6,40,39
725500,11.6623,8.6641,74718.6999998,10645,6,40,56
726000,11.0961,9.4639,74774.3999998,10655,6,41,12
726500,11.4884,10.7626,74834.9999998,10668,6,41,29
727000,11.5724,11.3703,74892.6999998,10679,6,41,46
727500,9.828,9.56572,74952.3999998,10691,6,42,2
728000,11.7687,8.84603,75012.0999998,10703,6,42,19
728500,11.3718,9.59717,75074.6999998,10717,6,42,35
729000,11.7971,7.92702,75136.3999998,10730,6,42,52
729500,10.1111,6.50213,75198.9999998,10744,6,43,8
730000,10.5195,9.55803,75256.4999998,10756,6,43,26
730500,10.3465,6.12051,75313.2999998,10766,6,43,42
731000,11.513,9.76425,75374.9999998,10779,6,43,59
731500,10.8665,7.56597,75437.5999998,10793,6,44,15
732000,10.7906,11.0351,75497.2999999,10805,6,44,32
732500,9.79043,6.88416,75559.8999999,10819,6,44,48
733000,9.89813,9.99356,75621.5999999,10832,6,45,5
733500,11.3205,8.03541,75679.2999999,10843,6,45,22
734000,11.7829,10.3556,75738.9999999,10855,6,45,38
734500,10.2949,7.85049,75801.5999999,10869,6,45,55
735000,11.1894,10.8223,75863.2999999,10882,6,46,11
735500,10.548,7.7713,75925.8999999,10896,6,46,28
736000,10.7367,9.25073,75987.5999999,10909,6,46,44
736500,11.7273,8.84786,76047.2999999,10921,6,47,1
737000,10.8897,8.26723,76109.8999999,10935,6,47,17
737500,10.4675,8.30435,76167.5999999,10946,6,47,34
738000,10.8591,9.8663,76225.2999999,10957,6,47,50
738500,12.3299,11.2766,76286.9999999,10970,6,48,7
739000,10.6458,9.97054,76347.5999999,10983,6,48,24
739500,10.0972,9.58778,76409.2999999,10996,6,48,40
740000,11.6148,8.81427,76470.9999999,11009,6,48,57
740500,10.4172,10.4774,76533.5999999,11023,6,49,14
741000,11.5259,8.25965,76595.2999999,11036,6,49,30
741500,11.6668,8.62852,76657.8999999,11050,6,49,47
742000,11.716,7.7506,76719.5999999,11063,6,50,3
742500,9.57629,4.54257,76780.1999999,11076,6,50,20
743000,11.4555,8.73317,76840.7999999,11089,6,50,36
743500,11.087,9.188,76902.4999999,11102,6,50,53
744000,10.5505,7.48624,76965.0999999,11116,6,51,10
744500,11.6425,9.86171,77026.7999999,11129,6,51,26
745000,10.5876,9.77784,77089.3999999,11143,6,51,43
745500,11.5274,9.03639,77151.0999999,11156,6,51,59
746000,11.4297,8.51424,77213.6999999,11170,6,52,16
746500,10.6405,10.1049,77275.3999999,11183,6,52,32
747000,11.6785,7.89757,77335.0999999,11195,6,52,49
747500,10.9951,7.58537,77397.6999999,11209,6,53,5
748000,11.7803,7.37917,77459.3999999,11222,6,53,22
748500,10.8016,9.44198,77521.9999999,11236,6,53,39
749000,11.8231,5.29954,77583.6999999,11249,6,53,55
749500,11.0926,7.39674,77646.3,11263,6,54,12
750000,11.9671,11.0767,77708.0,11276,6,54,29
750500,11.0566,7.68867,77770.6,11290,6,54,45
751000,12.1807,9.52836,77833.2,11304,6,55,2
751500,11.8859,10.606,77894.9,11317,6,55,18
752000,12.2326,9.05554,77957.5,11331,6,55,35
752500,11.1985,9.54668,78016.1,11343,6,55,51
753000,10.9524,7.79422,78077.8,11356,6,56,8
753500,10.2052,9.22518,78140.4,11370,6,56,24
754000,11.2879,10.4912,78202.1,11383,6,56,41
754500,11.1467,7.85568,78259.8,11394,6,56,58
755000,11.201,8.28292,78320.4,11407,6,57,14
755500,11.971,10.0703,78382.1,11420,6,57,31
756000,10.817,10.968,78444.7,11434,6,57,47
756500,11.7663,10.5548,78506.4,11447,6,58,4
757000,11.6465,7.30559,78567.0,11460,6,58,20
757500,13.2622,6.82901,78628.7,11473,6,58,37
758000,11.0181,8.95429,78691.3,11487,6,58,53
758500,11.3144,8.63649,78753.0,11500,6,59,10
759000,11.3819,7.54388,78815.6,11514,6,59,26
759500,12.6994,11.4701,78877.3,11527,6,59,43
760000,12.4071,8.53687,78939.9,11541,7,0,0
760500,11.3034,4.73957,79001.6,11554,7,0,17
761000,10.7689,9.81917,79064.2,11568,7,0,33
761500,12.0358,10.9549,79126.8,11582,7,0,50
762000,11.2477,9.62396,79188.5,11595,7,1,6
762500,12.4778,9.90256,79251.1,11609,7,1,23
763000,11.4267,8.81229,79312.8,11622,7,1,39
763500,11.3015,11.1626,79375.4,11636,7,1,56
764000,11.266,10.9292,79437.1,11649,7,2,12
764500,10.4151,9.88132,79499.7,11663,7,2,29
765000,10.3732,10.6164,79561.4,11676,7,2,45
765500,10.5867,10.4298,79624.0,11690,7,3,2
766000,11.1295,9.06117,79685.7,11703,7,3,18
766500,11.2574,11.4256,79748.3,11717,7,3,35
767000,11.77,10.1936,79810.0,11730,7,3,52
767500,10.8066,10.9232,79872.6000001,11744,7,4,8
768000,11.9702,10.7323,79934.3000001,11757,7,4,25
768500,12.1081,8.95825,79996.9000001,11771,7,4,41
769000,11.3908,10.4527,80058.6000001,11784,7,4,58
