500,0.0312699,0.00827951,-26,0,0,0,21
1000,0.0250278,0.00930463,-52,0,0,0,38
1500,0.138603,0.0292259,-79,0,0,0,55
2000,-0.0324045,0.247649,-96,0,0,1,11
2500,2.13972,0.479085,-107,0,0,1,28
3000,3.86268,1.44207,-117,0,0,1,44
3500,3.84426,1.79096,-127,0,0,2,1
4000,2.6154,2.3559,-132,4,0,2,17
4500,2.4105,2.51044,-136,8,0,2,34
5000,4.204,3.93294,-143,10,0,2,50
5500,4.28567,2.73362,-153,10,0,3,7
6000,5.1483,2.73262,-163,10,0,3,23
6500,0.913025,2.02045,-172,10,0,3,40
7000,3.23227,3.72474,-182,10,0,3,56
7500,3.8055,3.88561,-192,10,0,4,13
8000,4.91992,4.40195,-202,10,0,4,29
8500,4.1764,4.91603,-212,10,0,4,46
9000,4.20914,5.05938,-222,10,0,5,2
9500,3.4499,4.47457,-232,10,0,5,19
10000,3.1091,4.04176,-242,10,0,5,36
10500,4.37068,2.93629,-252,10,0,5,53
11000,4.18103,2.42804,-262,10,0,6,9
11500,3.85036,2.33158,-272,10,0,6,26
12000,-0.834317,-0.381002,-281,10,0,6,42
12500,0.374721,0.474291,-291,10,0,6,59
13000,1.49142,1.39168,-301,10,0,7,15
13500,2.18701,2.31732,-311,10,0,7,32
14000,2.98655,2.75709,-321,10,0,7,48
14500,3.75946,1.56358,-331,10,0,8,5
15000,-1.52801,-0.278289,-340,10,0,8,21
15500,0.169997,-0.335339,-347,12,0,8,38
16000,2.29826,2.38699,-357,12,0,8,54
16500,2.72595,2.73267,-367,12,0,9,11
17000,3.05048,2.26663,-377,12,0,9,28
17500,3.51563,1.93966,-387,12,0,9,44
18000,-0.204456,-0.0518951,-396,12,0,10,1
18500,1.93573,1.97014,-406,12,0,10,17
19000,1.27891,2.3496,-416,12,0,10,34
19500,-0.588402,2.34125,-426,12,0,10,50
20000,2.64127,2.62015,-436,12,0,11,7
20500,0.317258,0.258388,-444,13,0,11,24
21000,0.238984,0.167943,-454,13,0,11,40
21500,0.763712,0.817114,-464,13,0,11,57
22000,1.30444,1.27956,-474,13,0,12,13
22500,1.62929,1.65079,-484,13,0,12,30
23000,2.86598,2.57753,-494,13,0,12,46
23500,3.09981,2.22441,-504,13,0,13,3
24000,-1.41477,-0.535376,-513,13,0,13,19
24500,1.4574,1.55555,-523,13,0,13,36
25000,2.69416,2.55118,-533,13,0,13,53
25500,2.64091,2.5246,-543,13,0,14,9
26000,2.57027,2.51778,-553,13,0,14,26
26500,2.65468,2.5844,-563,13,0,14,42
27000,-1.64761,-0.727258,-571,14,0,14,59
27500,-1.07891,-0.526534,-581,14,0,15,15
28000,2.66556,2.59909,-589,16,0,15,32
28500,3.3069,2.23946,-599,16,0,15,48
29000,3.29211,2.24115,-609,16,0,16,5
29500,-0.214916,-0.264829,-618,16,0,16,21
30000,2.8979,2.70379,-626,18,0,16,38
30500,0.613111,0.443204,-634,19,0,16,55
31000,-1.32119,-0.616034,-642,20,0,17,11
31500,-0.823398,-0.574505,-652,20,0,17,28
32000,-0.896745,-0.560843,-662,20,0,17,44
32500,-0.832382,-0.498059,-672,20,0,18,1
33000,-0.82142,-0.459908,-682,20,0,18,18
33500,-0.652477,-0.367226,-692,20,0,18,34
34000,-0.633741,-0.413707,-702,20,0,18,51
34500,0.0132525,-0.0212907,-712,20,0,19,7
35000,0.218945,0.321729,-722,20,0,19,24
35500,0.276887,0.266719,-732,20,0,19,40
36000,-0.524261,-0.341255,-742,20,0,19,57
36500,3.31443,2.32693,-751,21,0,20,13
37000,0.465317,0.438448,-760,21,0,20,30
37500,0.868185,0.878231,-770,21,0,20,46
38000,0.9655,0.96985,-780,21,0,21,3
38500,1.57498,2.19035,-790,21,0,21,19
39000,1.40852,2.21599,-800,21,0,21,36
39500,1.4248,1.4625,-808,22,0,21,52
40000,1.60551,1.71643,-818,22,0,22,9
40500,2.01672,2.02737,-828,22,0,22,26
41000,1.85599,1.9433,-838,22,0,22,42
41500,2.07266,2.1961,-848,22,0,22,59
42000,2.50864,2.50632,-858,22,0,23,16
42500,2.98579,2.65204,-868,22,0,23,32
43000,1.86489,1.85657,-876,23,0,23,49
43500,0.69271,0.663322,-884,24,0,24,5
44000,0.919501,0.930719,-894,24,0,24,22
44500,0.445464,0.31735,-902,25,0,24,38
45000,-0.134618,-0.0965777,-910,26,0,24,55
45500,3.50833,1.73362,-919,27,0,25,11
46000,3.65224,1.23668,-929,27,0,25,28
46500,3.10935,2.53877,-937,28,0,25,44
47000,0.23819,0.232519,-946,28,0,26,1
47500,0.132596,2.30929,-956,28,0,26,17
48000,3.32556,2.50313,-966,28,0,26,34
48500,3.37997,2.58268,-976,28,0,26,50
49000,3.60271,1.79444,-986,28,0,27,7
49500,0.792606,0.765124,-995,28,0,27,24
50000,-1.49772,-0.772348,-1003,29,0,27,41
50500,0.00751723,-0.036316,-1013,29,0,27,57
51000,1.06097,1.0245,-1022,30,0,28,14
51500,0.883961,0.800411,-1030,31,0,28,30
52000,1.05061,1.07329,-1040,31,0,28,47
52500,0.915864,0.895367,-1050,31,0,29,3
53000,-0.824243,-0.417372,-1058,32,0,29,20
53500,-0.681722,-0.297052,-1068,32,0,29,36
54000,-1.45808,-0.73942,-1076,33,0,29,53
54500,-0.39482,-0.0583215,-1086,33,0,30,9
55000,1.14252,1.11461,-1096,33,0,30,26
55500,-0.111174,-0.336352,-1104,35,0,30,42
56000,1.97862,1.96848,-1112,36,0,30,59
56500,2.63439,2.60336,-1122,36,0,31,15
57000,0.546677,0.00863106,-1128,38,0,31,32
57500,1.84852,1.82671,-1135,40,0,31,49
58000,2.98534,2.7205,-1142,42,0,32,5
58500,2.76792,2.75797,-1147,45,0,32,22
59000,3.04432,2.82864,-1154,47,0,32,38
59500,-0.00824598,-0.162393,-1163,47,0,32,55
60000,3.44461,2.80331,-1170,49,0,33,12
60500,0.929683,0.376043,-1177,50,0,33,28
61000,0.607591,0.110657,-1185,51,0,33,45
61500,0.898502,0.34897,-1193,52,0,34,1
62000,3.52519,2.73665,-1202,53,0,34,18
62500,0.582894,0.469674,-1209,54,0,34,34
63000,0.220556,-0.148388,-1215,56,0,34,51
63500,3.13037,3.04217,-1222,58,0,35,7
64000,1.12217,0.764675,-1229,59,0,35,24
64500,0.484568,0.520702,-1237,60,0,35,41
65000,3.14378,2.93422,-1243,63,0,35,57
65500,-0.433895,-0.440333,-1249,65,0,36,14
66000,0.911267,0.804538,-1256,67,0,36,30
66500,1.89684,2.35739,-1263,69,0,36,47
67000,1.66699,2.44883,-1270,71,0,37,3
67500,1.07556,0.937286,-1277,73,0,37,20
68000,2.1498,2.05426,-1282,76,0,37,36
68500,1.87229,0.970175,-1288,78,0,37,53
69000,2.07749,2.25242,-1297,79,0,38,9
69500,0.530953,0.406105,-1301,83,0,38,26
70000,1.73839,1.7142,-1311,83,0,38,43
70500,1.35352,1.32689,-1320,83,0,38,59
71000,3.56183,3.1782,-1325,87,0,39,16
71500,2.25163,0.495304,-1327,92,0,39,33
72000,3.14885,3.06031,-1334,94,0,39,49
72500,1.67588,1.58637,-1339,97,0,40,6
73000,0.692333,-0.000886666,-1346,98,0,40,22
73500,2.30413,1.01675,-1351,101,0,40,39
74000,2.82166,2.88674,-1359,102,0,40,55
74500,3.71157,3.23396,-1364,105,0,41,12
75000,2.09975,1.2006,-1369,107,0,41,28
75500,1.53732,1.53667,-1376,109,0,41,45
76000,1.91002,1.91069,-1382,112,0,42,1
76500,2.8564,2.95027,-1389,114,0,42,18
77000,1.16235,1.12424,-1398,114,0,42,34
77500,1.89517,1.9252,-1403,117,0,42,51
78000,2.37895,2.36995,-1410,119,0,43,7
78500,1.10578,0.940759,-1417,121,0,43,24
79000,-0.490523,-0.109144,-1423,123,0,43,41
79500,0.908635,0.353051,-1431,124,0,43,57
80000,2.55879,2.38704,-1434,129,0,44,14
80500,3.86397,3.48434,-1441,131,0,44,31
81000,1.1993,1.05799,-1445,135,0,44,47
81500,1.16226,-0.244794,-1449,139,0,45,4
82000,3.06718,3.04549,-1454,143,0,45,20
82500,3.11166,3.09325,-1462,144,0,45,37
83000,0.74936,0.488592,-1468,146,0,45,53
83500,3.50444,3.40956,-1473,150,0,46,10
84000,1.38694,0.720535,-1479,152,0,46,26
84500,2.47787,2.29702,-1484,156,0,46,43
85000,1.1249,0.891416,-1488,160,0,46,59
85500,1.2269,1.3935,-1495,162,0,47,16
86000,0.788223,0.92068,-1502,164,0,47,32
86500,0.591971,0.398771,-1510,165,0,47,49
87000,3.71302,3.61,-1518,167,0,48,6
87500,3.35347,3.36702,-1524,169,0,48,22
88000,0.979301,0.681851,-1528,173,0,48,39
88500,3.83004,3.43516,-1533,177,0,48,55
89000,1.42664,1.24677,-1537,181,0,49,12
89500,3.11432,3.00872,-1543,184,0,49,28
90000,3.06656,2.97764,-1549,187,0,49,45
90500,1.17134,1.07529,-1554,190,0,50,2
91000,2.3281,2.38075,-1560,193,0,50,18
91500,1.85978,1.84588,-1568,194,0,50,35
92000,0.735983,0.550421,-1571,199,0,50,51
92500,0.130086,-0.358302,-1577,201,0,51,8
93000,2.78389,2.6946,-1582,205,0,51,24
93500,3.64968,3.58046,-1589,207,0,51,41
94000,3.57598,3.48249,-1597,208,0,51,57
94500,2.07965,2.06083,-1604,210,0,52,14
95000,4.08043,3.6894,-1609,214,0,52,30
95500,1.16909,0.566437,-1611,219,0,52,47
96000,4.39072,2.52629,-1619,221,0,53,4
96500,1.35083,1.02067,-1623,225,0,53,20
97000,4.10599,3.90607,-1630,227,0,53,37
97500,1.08406,0.804106,-1634,231,0,53,53
98000,4.28874,3.8243,-1641,233,0,54,10
98500,1.87511,1.85346,-1647,235,0,54,26
99000,1.47402,1.42086,-1651,239,0,54,43
99500,1.49411,1.67465,-1658,241,0,54,59
100000,4.45296,3.15433,-1666,243,0,55,16
100500,0.37899,0.191112,-1670,247,0,55,33
101000,3.89906,3.61564,-1674,252,0,55,49
101500,0.360194,0.32446,-1683,252,0,56,6
102000,2.99597,3.02356,-1689,255,0,56,22
102500,4.22578,3.11552,-1694,259,0,56,39
103000,3.21293,3.10539,-1701,260,0,56,56
103500,2.63941,2.66034,-1708,262,0,57,12
104000,-1.65775,-1.17778,-1714,264,0,57,29
104500,-0.618075,-0.649344,-1720,266,0,57,45
105000,1.19778,2.88265,-1729,267,0,58,2
105500,2.91216,2.84639,-1737,268,0,58,18
106000,4.16573,3.81699,-1741,272,0,58,35
106500,1.47768,1.54505,-1749,273,0,58,51
107000,4.29592,3.48604,-1750,279,0,59,8
107500,3.74463,3.55731,-1754,283,0,59,24
108000,3.97082,3.87845,-1759,286,0,59,41
108500,4.50399,2.92668,-1763,290,0,59,57
109000,1.42428,0.587201,-1771,290,1,0,14
109500,0.283423,-0.0303503,-1774,294,1,0,30
110000,-0.652412,-0.682369,-1781,296,1,0,47
110500,4.48569,3.97544,-1788,298,1,1,4
111000,3.00536,2.96442,-1795,299,1,1,21
111500,4.21142,3.79959,-1802,301,1,1,37
112000,3.12668,3.08824,-1808,303,1,1,54
112500,3.11338,3.26026,-1812,306,1,2,10
113000,0.963925,0.807344,-1814,311,1,2,27
113500,1.531,1.62296,-1821,313,1,2,43
114000,1.33239,0.425797,-1826,316,1,3,0
114500,1.13237,1.11556,-1828,321,1,3,16
115000,2.16117,2.12842,-1833,325,1,3,33
115500,1.03457,-0.242252,-1835,330,1,3,49
116000,0.0540715,-0.195044,-1841,332,1,4,6
116500,1.50821,1.49685,-1848,334,1,4,22
117000,0.162656,-0.414371,-1854,336,1,4,39
117500,0.445239,0.209577,-1860,338,1,4,55
118000,3.89078,3.58442,-1861,344,1,5,12
118500,0.699662,0.776347,-1863,349,1,5,29
119000,3.29038,3.28239,-1868,353,1,5,45
119500,2.61999,2.56317,-1873,356,1,6,2
120000,1.96623,1.97141,-1881,357,1,6,19
120500,0.405672,0.380502,-1882,363,1,6,35
121000,1.04658,0.546764,-1886,367,1,6,52
121500,3.85425,3.63275,-1895,368,1,7,8
122000,0.186765,-0.159084,-1899,371,1,7,25
122500,1.70167,0.436685,-1903,375,1,7,41
123000,4.37862,3.88064,-1907,379,1,7,58
123500,2.67075,2.6408,-1911,383,1,8,14
124000,1.24247,0.781744,-1914,387,1,8,31
124500,0.122428,-0.255752,-1917,391,1,8,47
125000,1.94454,1.12953,-1919,396,1,9,4
125500,2.36375,1.95476,-1924,399,1,9,20
126000,4.10552,4.02977,-1920,408,1,9,37
126500,1.45093,0.301483,-1917,416,1,9,54
127000,1.00272,0.00946661,-1918,421,1,10,10
127500,0.455588,0.171997,-1914,430,1,10,27
128000,4.40541,3.41608,-1919,433,1,10,43
128500,4.46023,4.17494,-1919,439,1,11,0
129000,3.65007,3.51659,-1921,444,1,11,16
129500,3.29103,3.31812,-1919,451,1,11,33
130000,1.10995,0.63375,-1922,455,1,11,50
130500,3.53321,3.92436,-1925,460,1,12,6
131000,1.71175,1.63002,-1929,463,1,12,23
131500,2.12828,1.22738,-1928,470,1,12,39
132000,-0.0563675,-0.184053,-1926,477,1,12,56
132500,0.236999,-0.38258,-1928,482,1,13,12
133000,-0.440508,-0.551189,-1933,485,1,13,29
133500,4.67741,4.13985,-1935,490,1,13,45
134000,3.42851,3.72751,-1936,495,1,14,2
134500,1.6183,1.06175,-1935,501,1,14,18
135000,0.678106,0.445704,-1935,507,1,14,35
135500,2.17781,1.86398,-1933,515,1,14,52
136000,2.72436,1.95036,-1931,522,1,15,8
136500,4.49747,4.23297,-1931,529,1,15,25
137000,1.81437,1.89136,-1934,533,1,15,41
137500,3.04576,1.60664,-1933,540,1,15,58
138000,4.8575,4.47244,-1934,546,1,16,14
138500,3.02373,2.80965,-1935,551,1,16,31
139000,2.71817,2.66153,-1935,557,1,16,47
139500,5.08322,4.61073,-1941,559,1,17,4
140000,3.32333,3.15052,-1946,561,1,17,21
140500,2.40527,2.11765,-1947,566,1,17,37
141000,3.26067,3.30949,-1944,574,1,17,54
141500,2.23818,1.65869,-1947,578,1,18,10
142000,2.03951,2.07047,-1945,585,1,18,27
142500,3.87682,3.81465,-1945,591,1,18,43
143000,2.43524,2.40678,-1942,599,1,19,0
143500,3.28077,2.67208,-1947,602,1,19,17
144000,0.2835,0.168635,-1953,604,1,19,33
144500,4.26194,4.1795,-1957,608,1,19,50
145000,3.18141,2.41373,-1954,615,1,20,6
145500,-0.0795867,-0.28152,-1954,621,1,20,23
146000,4.79755,4.06488,-1961,623,1,20,39
146500,4.07138,4.16803,-1964,627,1,20,56
147000,3.68695,3.57569,-1961,635,1,21,12
147500,4.14067,4.25745,-1969,636,1,21,29
148000,3.23443,2.96539,-1973,639,1,21,45
148500,5.10031,4.17996,-1976,643,1,22,2
149000,1.71818,1.50051,-1981,645,1,22,18
149500,2.93261,3.0633,-1984,649,1,22,35
150000,4.06548,3.87692,-1983,655,1,22,52
150500,4.68832,4.94171,-1986,659,1,23,8
151000,2.06077,1.84309,-1988,663,1,23,25
151500,3.48548,3.14966,-1989,668,1,23,42
152000,5.09862,5.02159,-1996,670,1,23,58
152500,4.21745,4.13301,-2000,673,1,24,15
153000,5.3496,4.72618,-1999,680,1,24,31
153500,1.03107,0.820337,-2004,682,1,24,48
154000,0.929907,1.1064,-2008,685,1,25,4
154500,5.00532,4.21244,-2012,689,1,25,21
155000,3.45028,3.48663,-2018,691,1,25,37
155500,4.61037,4.55056,-2023,694,1,25,54
156000,0.575608,0.324443,-2027,697,1,26,10
156500,4.25414,4.42145,-2033,699,1,26,27
157000,3.69884,3.73954,-2036,703,1,26,43
157500,3.10756,3.33148,-2034,710,1,27,0
158000,3.10791,3.07189,-2038,713,1,27,16
158500,-0.737406,-0.547258,-2047,714,1,27,33
159000,4.68791,4.59008,-2053,716,1,27,49
159500,5.7692,4.78391,-2058,719,1,28,6
160000,3.2168,3.08976,-2061,723,1,28,23
160500,3.50121,2.80003,-2065,726,1,28,40
161000,-0.203558,-0.079032,-2071,728,1,28,56
161500,1.92001,1.83308,-2079,729,1,29,13
162000,4.88857,4.95341,-2085,731,1,29,29
162500,3.67966,3.80879,-2087,736,1,29,46
163000,4.73703,4.31133,-2091,739,1,30,2
163500,1.51658,1.31421,-2096,742,1,30,19
164000,4.45526,4.09785,-2096,748,1,30,35
164500,5.97931,4.89955,-2102,750,1,30,52
165000,0.833796,0.351306,-2105,754,1,31,8
165500,4.29769,3.90755,-2108,758,1,31,25
166000,3.7522,2.73869,-2112,761,1,31,41
166500,1.37109,1.47849,-2118,763,1,31,58
167000,5.75548,5.38346,-2125,765,1,32,14
167500,4.51633,4.57388,-2133,766,1,32,31
168000,1.05541,1.82785,-2137,769,1,32,48
168500,2.2888,2.17063,-2144,771,1,33,4
169000,3.91294,3.94491,-2152,772,1,33,21
169500,2.88286,3.00122,-2159,774,1,33,37
170000,5.5291,5.30938,-2162,778,1,33,54
170500,2.13104,2.1116,-2166,781,1,34,11
171000,4.80922,3.9786,-2171,784,1,34,27
171500,4.57627,4.54939,-2177,786,1,34,44
172000,3.50392,4.40417,-2187,786,1,35,0
172500,5.30142,4.92166,-2195,787,1,35,17
173000,2.16904,1.71715,-2202,788,1,35,33
173500,4.79481,4.55713,-2206,792,1,35,50
174000,-1.24815,-0.535713,-2210,795,1,36,6
174500,3.15797,2.95117,-2217,797,1,36,23
175000,4.32556,4.49866,-2223,799,1,36,40
175500,0.938563,1.30511,-2224,804,1,36,56
176000,5.89342,4.95065,-2229,807,1,37,13
176500,1.40471,1.12839,-2233,810,1,37,29
177000,5.20518,5.21439,-2236,814,1,37,46
177500,3.07381,2.70189,-2233,821,1,38,2
178000,3.23532,2.83714,-2236,825,1,38,19
178500,3.88879,3.94926,-2234,832,1,38,35
179000,6.01461,5.26718,-2234,838,1,38,52
179500,3.94335,3.83568,-2234,844,1,39,8
180000,5.11424,5.1374,-2234,850,1,39,25
180500,4.59276,4.69396,-2237,854,1,39,42
181000,2.31403,2.17761,-2238,859,1,39,58
181500,4.88144,4.74426,-2240,864,1,40,15
182000,3.85443,3.44633,-2245,867,1,40,31
182500,5.28585,4.24879,-2247,871,1,40,48
183000,0.398677,0.613127,-2246,878,1,41,4
183500,3.7897,3.83152,-2248,883,1,41,21
184000,4.60906,4.10098,-2251,887,1,41,38
184500,-1.17171,-1.21324,-2247,895,1,41,54
185000,3.69324,3.84688,-2244,903,1,42,11
185500,2.82744,1.99927,-2245,908,1,42,27
186000,3.67122,2.86453,-2248,912,1,42,44
186500,5.29323,3.64198,-2248,918,1,43,0
187000,4.23566,3.81722,-2252,922,1,43,17
187500,2.7735,2.80238,-2254,926,1,43,33
188000,2.31599,2.30368,-2251,934,1,43,50
188500,3.06702,2.38476,-2253,939,1,44,6
189000,5.994,5.18721,-2255,944,1,44,23
189500,-2.86445,-1.04754,-2254,951,1,44,39
190000,3.31549,2.11028,-2253,957,1,44,56
190500,5.47371,5.01557,-2253,963,1,45,13
191000,4.58865,4.41952,-2256,967,1,45,29
191500,4.02253,4.07084,-2256,973,1,45,46
192000,0.311248,0.3855,-2254,980,1,46,2
192500,4.04147,3.9026,-2259,983,1,46,19
193000,5.33729,4.74845,-2259,989,1,46,36
193500,3.97501,3.83449,-2258,995,1,46,52
194000,2.51228,2.30066,-2258,1001,1,47,9
194500,3.91994,2.52556,-2253,1010,1,47,25
195000,5.0207,4.93257,-2255,1015,1,47,42
195500,5.41659,5.4063,-2250,1024,1,47,58
196000,5.21194,5.53877,-2254,1028,1,48,15
196500,4.45744,4.3587,-2251,1036,1,48,31
197000,5.10191,5.21581,-2251,1042,1,48,48
197500,3.03766,1.96726,-2249,1049,1,49,4
198000,5.55177,5.47787,-2248,1056,1,49,21
198500,5.47977,3.8886,-2247,1062,1,49,37
199000,5.10276,4.66339,-2241,1072,1,49,54
199500,4.45174,4.0948,-2240,1078,1,50,10
200000,2.44429,0.695002,-2236,1086,1,50,28
200500,1.73666,1.55906,-2235,1093,1,50,44
201000,4.82031,3.12169,-2235,1099,1,51,1
201500,5.20184,5.2525,-2233,1106,1,51,17
202000,3.68422,2.18463,-2234,1111,1,51,34
202500,5.40369,3.819,-2237,1115,1,51,50
203000,3.37246,3.32209,-2233,1124,1,52,7
203500,4.58392,4.63369,-2234,1129,1,52,23
204000,6.15403,6.08318,-2230,1137,1,52,40
204500,5.99062,6.30245,-2226,1146,1,52,56
205000,5.05315,4.50618,-2222,1154,1,53,13
205500,0.132921,-0.485093,-2224,1159,1,53,29
206000,0.492903,-0.35043,-2226,1164,1,53,46
206500,5.68177,5.47387,-2226,1171,1,54,2
207000,0.23862,0.376278,-2227,1176,1,54,19
207500,-0.604206,-0.808051,-2225,1183,1,54,36
208000,4.80392,2.92471,-2221,1191,1,54,52
208500,5.03317,4.97826,-2217,1199,1,55,9
209000,4.33231,2.77129,-2216,1206,1,55,25
209500,4.97338,3.03079,-2217,1211,1,55,42
210000,4.84012,4.88815,-2216,1218,1,55,59
210500,-0.916691,-0.948171,-2209,1228,1,56,15
211000,4.75548,4.32735,-2209,1234,1,56,32
211500,4.13454,2.29268,-2208,1240,1,56,48
212000,4.24478,3.7859,-2205,1248,1,57,5
212500,4.71696,4.45712,-2207,1253,1,57,21
213000,6.54869,6.45419,-2208,1258,1,57,38
213500,6.6031,5.78648,-2207,1265,1,57,54
214000,2.16316,2.16744,-2210,1269,1,58,11
214500,4.4816,4.44641,-2205,1278,1,58,27
215000,6.14877,5.18465,-2197,1289,1,58,44
215500,6.70479,5.38258,-2197,1295,1,59,1
216000,6.81542,6.18922,-2190,1305,1,59,17
216500,4.59299,4.61964,-2188,1313,1,59,34
217000,6.26134,6.25379,-2186,1320,1,59,50
217500,6.19929,4.25261,-2189,1324,2,0,7
218000,-0.317614,-0.627925,-2189,1330,2,0,23
218500,5.48822,4.32643,-2188,1337,2,0,40
219000,6.76657,5.86201,-2182,1347,2,0,56
219500,5.85561,5.81218,-2183,1352,2,1,13
220000,7.15587,6.30549,-2180,1360,2,1,30
220500,5.84856,5.89101,-2180,1365,2,1,46
221000,5.06636,4.97955,-2176,1373,2,2,3
221500,1.79028,1.08914,-2167,1384,2,2,19
222000,1.82658,0.791973,-2167,1390,2,2,36
222500,6.98234,5.49581,-2165,1398,2,2,52
223000,1.75268,0.983882,-2156,1409,2,3,9
223500,6.15509,5.27081,-2155,1416,2,3,26
224000,6.31235,6.27691,-2156,1421,2,3,42
224500,5.59333,4.16986,-2151,1430,2,3,59
225000,8.0774,7.91257,-2147,1438,2,4,15
225500,5.97882,5.53477,-2143,1447,2,4,32
226000,6.04567,4.68082,-2143,1453,2,4,48
226500,4.97776,5.12595,-2140,1461,2,5,5
227000,5.66737,5.56821,-2138,1468,2,5,21
227500,3.25832,2.88653,-2138,1474,2,5,38
228000,4.33655,3.38264,-2137,1480,2,5,54
228500,4.28027,4.08205,-2132,1489,2,6,11
229000,5.59251,5.84873,-2134,1494,2,6,27
229500,5.66814,4.5828,-2129,1503,2,6,44
230000,6.9955,5.21145,-2129,1509,2,7,1
230500,1.73186,1.71871,-2127,1516,2,7,17
231000,2.12792,2.19019,-2127,1522,2,7,34
231500,5.34883,5.58884,-2127,1528,2,7,50
232000,1.42064,0.996233,-2122,1537,2,8,7
232500,7.09727,6.32417,-2124,1543,2,8,24
233000,4.03203,3.8317,-2117,1553,2,8,40
233500,5.98002,5.2045,-2116,1560,2,8,57
234000,6.141,5.77827,-2114,1567,2,9,13
234500,3.50931,3.38698,-2107,1578,2,9,30
235000,6.66761,6.63086,-2105,1585,2,9,46
235500,7.65451,5.88399,-2100,1593,2,10,3
236000,7.51736,6.99041,-2103,1598,2,10,19
236500,7.57615,6.56083,-2099,1607,2,10,36
237000,6.48837,6.44663,-2101,1612,2,10,52
237500,6.64976,6.64584,-2104,1616,2,11,9
238000,5.75677,4.33387,-2102,1623,2,11,25
238500,7.21732,7.26771,-2098,1632,2,11,42
239000,4.05204,2.80515,-2092,1641,2,11,59
239500,1.39392,1.30229,-2097,1644,2,12,15
240000,4.35675,4.11816,-2092,1653,2,12,32
240500,3.74053,3.69668,-2088,1661,2,12,49
241000,7.59373,6.63922,-2087,1668,2,13,5
241500,3.35258,3.32684,-2085,1675,2,13,22
242000,5.42019,4.81241,-2085,1682,2,13,38
242500,6.07333,5.63494,-2086,1687,2,13,55
243000,6.25184,6.32744,-2080,1697,2,14,11
243500,7.48566,5.73573,-2077,1704,2,14,28
244000,6.88258,6.16642,-2073,1712,2,14,44
244500,3.41261,3.1234,-2066,1722,2,15,1
245000,5.91666,6.26868,-2064,1730,2,15,17
245500,5.99455,5.84067,-2067,1734,2,15,34
246000,7.42484,6.65692,-2061,1744,2,15,50
246500,6.59982,7.14514,-2057,1752,2,16,7
247000,7.98805,6.53689,-2049,1763,2,16,24
247500,7.44092,5.81778,-2043,1772,2,16,40
248000,0.947603,0.30126,-2037,1782,2,16,57
248500,5.77926,6.09351,-2028,1793,2,17,13
249000,6.20358,6.19533,-2026,1801,2,17,30
249500,1.40703,1.14031,-2017,1812,2,17,46
250000,6.82382,6.22612,-2012,1821,2,18,3
250500,5.93486,6.05739,-2010,1829,2,18,20
251000,6.8971,6.44159,-2008,1836,2,18,36
251500,6.21484,6.30287,-2006,1843,2,18,53
252000,4.93631,4.82108,-2000,1853,2,19,9
252500,4.00904,3.8585,-1994,1863,2,19,26
253000,3.08561,1.71169,-1994,1869,2,19,42
253500,2.43163,2.49113,-1987,1880,2,19,59
254000,5.06035,3.93182,-1986,1887,2,20,15
254500,4.12445,4.01625,-1976,1899,2,20,32
255000,7.9869,7.45827,-1972,1907,2,20,49
255500,2.62432,1.89227,-1965,1917,2,21,5
256000,3.35396,2.69564,-1965,1923,2,21,22
256500,1.76626,1.54331,-1960,1932,2,21,38
257000,4.09304,3.64449,-1952,1943,2,21,55
257500,7.31926,7.43871,-1945,1953,2,22,11
258000,6.2339,5.55315,-1945,1959,2,22,28
258500,7.19515,7.23241,-1936,1971,2,22,44
259000,4.49444,4.19424,-1932,1980,2,23,1
259500,6.08699,5.9448,-1929,1988,2,23,17
260000,2.8338,2.01131,-1926,1996,2,23,34
260500,7.2981,7.2127,-1920,2006,2,23,51
261000,8.70796,6.88346,-1917,2014,2,24,7
261500,4.43265,3.10044,-1911,2024,2,24,24
262000,5.84979,5.2037,-1909,2031,2,24,40
262500,7.65811,6.7067,-1900,2043,2,24,57
263000,3.33039,2.90666,-1893,2053,2,25,14
263500,8.0584,8.1418,-1890,2061,2,25,30
264000,2.68866,1.58076,-1885,2070,2,25,47
264500,3.88603,2.4153,-1881,2078,2,26,3
265000,4.12651,3.24111,-1877,2087,2,26,20
265500,4.77427,2.63713,-1871,2097,2,26,36
266000,6.91149,5.70003,-1869,2104,2,26,53
266500,5.54453,5.36761,-1868,2111,2,27,9
267000,5.65599,4.94694,-1865,2119,2,27,26
267500,3.85063,3.93629,-1862,2127,2,27,42
268000,6.71701,5.25203,-1860,2135,2,27,59
268500,6.55817,6.88061,-1859,2142,2,28,15
269000,8.08276,7.95682,-1857,2150,2,28,32
269500,4.79041,2.95701,-1855,2157,2,28,48
270000,6.53275,6.11128,-1853,2165,2,29,5
270500,5.4823,5.10109,-1848,2174,2,29,22
271000,5.82586,4.85289,-1845,2182,2,29,39
271500,7.1587,7.04932,-1844,2189,2,29,55
272000,6.96161,6.66255,-1845,2195,2,30,12
272500,4.0013,4.04306,-1841,2203,2,30,28
273000,7.64354,7.43966,-1839,2211,2,30,45
273500,1.75618,1.14664,-1834,2220,2,31,1
274000,2.21553,1.25723,-1826,2231,2,31,18
274500,6.47086,5.43608,-1826,2237,2,31,34
275000,4.34736,4.10666,-1824,2244,2,31,51
275500,5.45976,5.34024,-1826,2250,2,32,7
276000,3.1553,1.73937,-1821,2259,2,32,24
276500,3.50095,3.29102,-1824,2263,2,32,40
277000,5.81245,5.78831,-1824,2269,2,32,57
277500,2.98218,2.53569,-1824,2275,2,33,13
278000,3.3905,2.40212,-1815,2286,2,33,30
278500,5.35738,4.85147,-1812,2294,2,33,46
279000,7.60385,7.22112,-1807,2303,2,34,3
279500,7.58068,7.55213,-1805,2310,2,34,20
280000,5.93239,4.64775,-1803,2317,2,34,37
280500,5.88051,5.66973,-1803,2323,2,34,53
281000,6.48206,5.11246,-1802,2330,2,35,10
281500,4.64152,3.97921,-1795,2340,2,35,26
282000,5.57903,5.34362,-1794,2347,2,35,43
282500,4.64532,3.9922,-1787,2357,2,35,59
283000,6.39458,5.47993,-1788,2362,2,36,16
283500,5.79775,4.41608,-1784,2371,2,36,32
284000,5.842,4.51416,-1785,2377,2,36,49
284500,-0.873054,-1.21084,-1781,2386,2,37,5
285000,-0.304284,-0.718524,-1778,2394,2,37,22
285500,4.9823,4.79024,-1780,2399,2,37,38
286000,4.29737,4.01244,-1780,2405,2,37,55
286500,2.1543,1.36776,-1774,2415,2,38,12
287000,2.52431,2.13998,-1770,2423,2,38,28
287500,6.79204,6.18465,-1766,2432,2,38,45
288000,5.34147,3.55074,-1765,2438,2,39,1
288500,2.90935,1.4608,-1763,2445,2,39,18
289000,5.51006,5.38642,-1761,2453,2,39,34
289500,5.36276,4.84653,-1762,2458,2,39,51
290000,6.65753,6.45615,-1760,2465,2,40,8
290500,6.33758,4.4923,-1759,2472,2,40,24
291000,5.16729,5.30636,-1759,2479,2,40,41
291500,5.73449,5.57821,-1760,2485,2,40,57
292000,3.31433,2.90026,-1757,2492,2,41,14
292500,5.7573,4.57214,-1756,2499,2,41,30
293000,5.20619,3.13641,-1758,2504,2,41,47
293500,6.58117,6.36402,-1757,2511,2,42,3
294000,3.89562,3.47293,-1756,2517,2,42,20
294500,5.21845,4.48364,-1753,2526,2,42,36
295000,6.28255,5.43072,-1749,2535,2,42,53
295500,3.63283,3.69773,-1751,2540,2,43,10
296000,2.79529,1.28772,-1749,2548,2,43,26
296500,4.7345,4.35001,-1749,2554,2,43,43
297000,2.94402,1.94739,-1742,2564,2,43,59
297500,2.0101,1.91699,-1741,2570,2,44,16
298000,3.66484,1.85695,-1740,2577,2,44,32
298500,6.20467,5.97877,-1739,2584,2,44,49
299000,4.75983,4.36704,-1738,2590,2,45,5
299500,1.54797,1.84235,-1732,2599,2,45,22
300000,5.9187,5.87789,-1729,2607,2,45,39
300500,5.1615,5.12666,-1728,2613,2,45,55
301000,5.57834,3.79371,-1727,2620,2,46,12
301500,5.0345,3.32819,-1723,2628,2,46,28
302000,5.37762,3.32525,-1717,2638,2,46,45
302500,6.69994,4.96034,-1710,2648,2,47,1
303000,6.04509,5.93573,-1707,2656,2,47,18
303500,7.19653,7.30952,-1708,2661,2,47,34
304000,3.7466,1.99392,-1705,2669,2,47,51
304500,6.20194,4.5082,-1700,2678,2,48,8
305000,4.36436,4.90222,-1698,2685,2,48,24
305500,3.98012,2.64075,-1696,2692,2,48,41
306000,6.40637,6.16357,-1696,2698,2,48,57
306500,2.91959,1.26104,-1693,2706,2,49,14
307000,5.456,4.64132,-1693,2712,2,49,30
307500,-0.666718,-0.701002,-1694,2718,2,49,47
308000,7.9145,7.78463,-1695,2723,2,50,3
308500,6.57179,5.86982,-1694,2730,2,50,20
309000,7.1683,6.78867,-1689,2739,2,50,36
309500,4.17741,2.68919,-1685,2748,2,50,53
310000,7.15463,5.86909,-1682,2756,2,51,10
310500,6.62028,5.92854,-1678,2764,2,51,26
311000,2.01827,0.469758,-1678,2770,2,51,43
311500,5.55604,3.99411,-1675,2778,2,51,59
312000,5.53424,5.22468,-1671,2787,2,52,16
312500,2.92794,1.87908,-1669,2794,2,52,33
313000,4.33525,4.23417,-1667,2801,2,52,49
313500,4.036,2.6748,-1663,2809,2,53,6
314000,1.10178,0.505349,-1662,2816,2,53,22
314500,1.05203,0.178506,-1660,2823,2,53,39
315000,5.46263,5.19535,-1658,2830,2,53,55
315500,7.52735,7.25898,-1656,2839,2,54,12
316000,5.82792,5.77705,-1652,2847,2,54,28
316500,4.62692,3.51845,-1649,2855,2,54,45
317000,4.90385,3.27747,-1644,2864,2,55,1
317500,5.41994,3.70855,-1642,2871,2,55,18
318000,2.51893,2.06567,-1641,2878,2,55,34
318500,2.23203,0.968883,-1642,2883,2,55,51
319000,1.65245,0.95653,-1640,2890,2,56,7
319500,5.22526,5.35843,-1639,2897,2,56,24
320000,3.82482,2.5596,-1636,2904,2,56,41
320500,3.87155,3.07847,-1630,2913,2,56,58
321000,2.81872,0.944315,-1620,2925,2,57,14
321500,3.17856,2.09954,-1614,2934,2,57,31
322000,0.592143,-0.0016193,-1610,2942,2,57,47
322500,4.80765,3.44906,-1609,2949,2,58,4
323000,3.88656,2.61379,-1600,2960,2,58,20
323500,3.6927,1.74567,-1593,2970,2,58,37
324000,0.316169,-0.325494,-1592,2977,2,58,53
324500,5.66603,4.30214,-1589,2985,2,59,10
325000,1.64788,1.80816,-1587,2992,2,59,26
325500,6.04823,4.97561,-1584,3000,2,59,43
326000,2.57575,0.906892,-1580,3008,2,59,59
326500,5.35621,3.53994,-1576,3017,3,0,16
327000,2.66391,1.60145,-1570,3027,3,0,33
327500,6.09065,5.52311,-1571,3033,3,0,49
328000,2.92442,3.25432,-1570,3039,3,1,6
328500,5.62383,5.11609,-1564,3049,3,1,22
329000,1.43927,0.699851,-1560,3057,3,1,39
329500,6.12485,5.43949,-1555,3066,3,1,55
330000,3.27572,2.338,-1550,3075,3,2,12
330500,1.57022,0.99557,-1549,3081,3,2,29
331000,4.36811,2.74114,-1547,3088,3,2,45
331500,6.36369,6.04248,-1539,3099,3,3,2
332000,5.74812,5.58882,-1536,3107,3,3,18
332500,4.08055,2.51563,-1531,3116,3,3,35
333000,4.17528,2.86016,-1522,3127,3,3,51
333500,2.5832,1.17789,-1518,3136,3,4,8
334000,6.15153,5.95974,-1511,3146,3,4,24
334500,5.6048,4.08263,-1507,3154,3,4,41
335000,5.20037,5.04604,-1498,3165,3,4,58
335500,0.10184,-0.263536,-1498,3171,3,5,14
336000,-0.0311917,-0.312666,-1496,3178,3,5,31
336500,6.54144,6.15945,-1497,3183,3,5,47
337000,6.06114,5.9976,-1499,3188,3,6,4
337500,0.616643,1.07836,-1494,3196,3,6,20
338000,5.94907,5.17481,-1492,3203,3,6,37
338500,4.22422,4.16335,-1491,3210,3,6,53
339000,4.52803,4.11169,-1488,3217,3,7,10
339500,4.76691,3.9485,-1479,3228,3,7,26
340000,4.89603,4.79881,-1477,3235,3,7,43
340500,5.27358,4.29841,-1467,3247,3,8,0
341000,2.55229,2.49551,-1467,3253,3,8,16
341500,5.1984,3.52203,-1464,3260,3,8,33
342000,0.412613,0.0651532,-1458,3270,3,8,49
342500,2.22227,1.81396,-1454,3278,3,9,6
343000,4.86966,4.37624,-1452,3285,3,9,23
343500,5.6604,5.27742,-1446,3294,3,9,39
344000,4.79615,4.52092,-1445,3301,3,9,56
344500,4.71982,2.9243,-1437,3311,3,10,12
345000,1.52441,0.729103,-1428,3322,3,10,29
345500,6.55635,5.59182,-1431,3326,3,10,45
346000,3.56609,3.32335,-1427,3334,3,11,2
346500,7.29468,6.59915,-1422,3343,3,11,18
347000,2.07934,1.08407,-1416,3352,3,11,35
347500,3.14861,2.41875,-1413,3360,3,11,51
348000,6.18977,5.3822,-1410,3368,3,12,8
348500,4.28801,4.19892,-1408,3374,3,12,24
349000,4.56872,3.13636,-1403,3383,3,12,41
349500,7.90126,6.46047,-1401,3390,3,12,57
350000,3.14385,2.60448,-1402,3395,3,13,14
350500,6.88156,6.92641,-1398,3403,3,13,31
351000,5.30613,4.45939,-1390,3413,3,13,48
351500,8.18105,6.94395,-1384,3423,3,14,4
352000,2.93217,2.36565,-1382,3430,3,14,21
352500,3.19469,1.73332,-1378,3438,3,14,37
353000,3.77177,2.69154,-1374,3447,3,14,54
353500,4.97358,4.92514,-1365,3458,3,15,10
354000,2.90573,2.71556,-1364,3464,3,15,27
354500,5.90879,5.24848,-1360,3472,3,15,43
355000,4.74613,3.73292,-1355,3481,3,16,0
355500,5.12855,3.28061,-1353,3488,3,16,16
356000,6.52111,5.8434,-1351,3495,3,16,33
356500,7.60559,6.93447,-1349,3502,3,16,49
357000,4.46709,3.95644,-1348,3508,3,17,6
357500,8.32738,7.10142,-1344,3516,3,17,22
358000,0.0518894,-0.374075,-1342,3523,3,17,39
358500,6.92414,6.79595,-1347,3526,3,17,55
359000,2.19669,2.15115,-1344,3533,3,18,12
359500,6.85158,6.48712,-1346,3538,3,18,29
360000,4.28013,3.58138,-1348,3542,3,18,46
360500,7.2095,6.9427,-1351,3546,3,19,2
361000,7.52354,6.97313,-1349,3553,3,19,19
361500,3.57862,3.22728,-1349,3558,3,19,35
362000,7.05615,7.18582,-1351,3563,3,19,52
362500,4.27307,3.21957,-1351,3569,3,20,8
363000,1.18525,0.422701,-1347,3577,3,20,25
363500,2.42515,2.0659,-1347,3583,3,20,41
364000,2.17383,1.97172,-1348,3588,3,20,58
364500,6.98039,6.68524,-1350,3593,3,21,14
365000,6.93074,6.36519,-1351,3598,3,21,31
365500,4.95703,3.71996,-1350,3604,3,21,47
366000,7.48905,7.61477,-1347,3612,3,22,4
366500,7.10505,6.69802,-1344,3619,3,22,20
367000,3.56122,2.39637,-1342,3626,3,22,37
367500,6.58227,6.37727,-1343,3632,3,22,54
368000,5.92095,4.79116,-1339,3640,3,23,10
368500,0.23335,-0.143838,-1339,3646,3,23,27
369000,1.26439,-0.271895,-1338,3652,3,23,43
369500,2.71509,2.51231,-1338,3658,3,24,0
370000,6.37653,5.43091,-1337,3665,3,24,17
370500,7.07695,6.81839,-1335,3672,3,24,33
371000,3.4172,4.00912,-1329,3681,3,24,50
371500,1.98039,1.68842,-1325,3689,3,25,6
372000,6.81796,5.49311,-1326,3694,3,25,23
372500,7.10311,6.74593,-1327,3699,3,25,39
373000,4.68107,4.65924,-1323,3707,3,25,56
373500,7.37297,7.1615,-1325,3711,3,26,12
374000,2.99145,2.21975,-1325,3717,3,26,29
374500,4.09901,3.18469,-1328,3721,3,26,45
375000,1.91282,0.736161,-1329,3726,3,27,2
375500,2.2086,1.27355,-1325,3735,3,27,18
376000,7.47976,7.43197,-1323,3742,3,27,35
376500,7.45449,7.40131,-1327,3745,3,27,52
377000,5.94681,5.24483,-1325,3752,3,28,8
377500,6.93701,6.48523,-1323,3759,3,28,25
378000,5.99718,5.38426,-1324,3764,3,28,41
378500,6.59418,6.26603,-1324,3770,3,28,58
379000,5.82694,5.29663,-1318,3779,3,29,14
379500,5.40646,4.78844,-1320,3783,3,29,31
380000,4.31391,2.73514,-1320,3789,3,29,48
380500,6.10593,5.82034,-1320,3795,3,30,4
381000,4.86868,3.91362,-1315,3804,3,30,21
381500,5.96422,5.51674,-1316,3809,3,30,37
382000,6.75133,6.43693,-1315,3816,3,30,54
382500,5.68692,4.60327,-1316,3821,3,31,10
383000,7.58025,7.50088,-1316,3828,3,31,27
383500,6.34986,5.51085,-1315,3835,3,31,43
384000,6.16785,6.26112,-1320,3838,3,32,0
384500,2.83823,1.78204,-1321,3843,3,32,17
385000,3.52996,3.3553,-1320,3849,3,32,33
385500,6.66091,6.45317,-1316,3857,3,32,50
386000,7.30723,7.23639,-1317,3862,3,33,6
386500,5.81707,4.28325,-1316,3868,3,33,23
387000,4.51438,3.39825,-1316,3874,3,33,39
387500,5.49419,4.46738,-1314,3881,3,33,56
388000,5.83592,5.66978,-1317,3885,3,34,12
388500,6.50128,5.24975,-1314,3893,3,34,29
389000,4.49076,4.13235,-1314,3899,3,34,45
389500,4.88483,4.70078,-1314,3905,3,35,2
390000,2.69534,1.46631,-1312,3912,3,35,19
390500,5.255,3.58941,-1315,3916,3,35,35
391000,6.8907,6.83642,-1314,3923,3,35,52
391500,6.54167,6.25164,-1313,3929,3,36,9
392000,6.42493,4.66381,-1311,3936,3,36,25
392500,4.50534,2.85158,-1305,3945,3,36,42
393000,6.81432,6.45243,-1297,3956,3,36,58
393500,4.85687,4.71331,-1298,3961,3,37,15
394000,6.24657,5.46183,-1293,3970,3,37,31
394500,7.52049,6.57075,-1289,3978,3,37,48
395000,1.65785,0.684762,-1292,3982,3,38,4
395500,6.1671,5.56609,-1289,3989,3,38,21
396000,2.99726,2.9076,-1286,3997,3,38,37
396500,4.38423,2.91907,-1278,4007,3,38,54
397000,4.083,3.59521,-1277,4014,3,39,10
397500,3.52331,2.10697,-1274,4022,3,39,27
398000,6.50609,6.09356,-1271,4030,3,39,43
398500,1.52895,-0.279578,-1267,4038,3,40,0
399000,6.24044,5.72772,-1258,4049,3,40,16
399500,4.23733,2.455,-1253,4057,3,40,33
400000,3.88561,3.55756,-1250,4065,3,40,50
400500,4.71569,4.90732,-1245,4074,3,41,7
401000,4.60239,4.57745,-1247,4079,3,41,23
401500,3.58985,3.20271,-1246,4085,3,41,40
402000,6.59779,6.0343,-1243,4093,3,41,56
402500,6.76757,5.7931,-1239,4101,3,42,13
403000,1.40843,0.780062,-1234,4110,3,42,29
403500,4.50254,4.11994,-1229,4119,3,42,46
404000,4.6866,4.32318,-1228,4126,3,43,2
404500,3.6581,3.26217,-1230,4130,3,43,19
405000,3.42622,3.33954,-1229,4136,3,43,35
405500,3.69507,3.19598,-1228,4142,3,43,52
406000,6.82797,6.24985,-1226,4150,3,44,8
406500,4.26207,3.49209,-1221,4158,3,44,25
407000,5.75423,5.42417,-1219,4165,3,44,41
407500,4.94778,3.9861,-1213,4174,3,44,58
408000,-0.678981,-0.897457,-1212,4181,3,45,15
408500,6.14116,4.85173,-1208,4189,3,45,31
409000,6.71717,6.69582,-1200,4200,3,45,48
409500,6.01208,3.9019,-1190,4212,3,46,4
410000,5.48646,5.1094,-1188,4219,3,46,21
410500,2.88937,2.44699,-1182,4228,3,46,38
411000,3.6181,2.99735,-1181,4234,3,46,54
411500,1.25819,1.12127,-1178,4242,3,47,11
412000,5.07433,5.01854,-1179,4247,3,47,27
412500,5.89728,5.95856,-1177,4254,3,47,44
413000,0.653696,-0.450072,-1177,4259,3,48,0
413500,6.2391,6.03959,-1178,4264,3,48,17
414000,5.28818,4.08021,-1175,4271,3,48,33
414500,4.99304,3.78891,-1174,4277,3,48,50
415000,5.71483,4.58339,-1170,4285,3,49,6
415500,3.6981,3.6182,-1166,4293,3,49,23
416000,6.06436,4.65021,-1165,4299,3,49,39
416500,2.07142,1.94701,-1161,4307,3,49,56
417000,5.45553,5.09471,-1166,4310,3,50,13
417500,1.59052,1.62043,-1162,4318,3,50,29
418000,2.87601,2.81883,-1155,4328,3,50,46
418500,4.5496,2.82037,-1150,4337,3,51,2
419000,4.85122,4.64509,-1149,4344,3,51,19
419500,1.93318,1.53973,-1148,4350,3,51,35
420000,3.23005,1.75461,-1143,4359,3,51,52
420500,5.26453,4.97266,-1142,4366,3,52,9
421000,4.73054,5.05538,-1142,4371,3,52,25
421500,6.30397,4.95941,-1138,4379,3,52,42
422000,1.16793,0.311059,-1139,4385,3,52,58
422500,5.52136,5.32161,-1136,4392,3,53,15
423000,5.098,4.50331,-1136,4398,3,53,31
423500,1.4992,0.986294,-1133,4405,3,53,48
424000,5.87468,5.74003,-1134,4410,3,54,4
424500,4.08506,3.08822,-1132,4417,3,54,21
425000,4.41979,4.2668,-1132,4423,3,54,38
425500,3.54904,1.74546,-1128,4431,3,54,54
426000,6.22897,5.3712,-1124,4439,3,55,11
426500,5.20813,4.88163,-1123,4446,3,55,27
427000,0.742836,0.688499,-1115,4456,3,55,44
427500,5.82924,5.02415,-1113,4463,3,56,0
428000,6.04098,5.85016,-1112,4469,3,56,17
428500,3.92396,2.26379,-1108,4477,3,56,33
429000,6.40978,6.2123,-1112,4480,3,56,50
429500,5.54621,5.51427,-1110,4487,3,57,6
430000,6.43595,4.62932,-1108,4493,3,57,23
430500,5.4925,4.42116,-1104,4501,3,57,40
431000,2.17514,2.2455,-1107,4505,3,57,56
431500,5.37894,5.22296,-1109,4510,3,58,13
432000,4.82379,4.42115,-1107,4517,3,58,29
432500,6.87449,6.90105,-1105,4524,3,58,46
433000,4.2518,4.09008,-1105,4529,3,59,3
433500,2.1548,1.26524,-1099,4538,3,59,19
434000,3.4006,2.13572,-1098,4545,3,59,36
434500,5.92371,6.04727,-1097,4551,3,59,52
435000,1.57259,0.966778,-1093,4559,4,0,9
435500,0.867195,0.341064,-1090,4566,4,0,25
436000,5.88055,5.316,-1088,4573,4,0,42
436500,7.04407,6.5695,-1086,4580,4,0,58
437000,7.66876,7.12342,-1082,4588,4,1,15
437500,6.35918,6.16159,-1078,4596,4,1,31
438000,1.06463,-0.219177,-1075,4603,4,1,48
438500,5.4101,5.23245,-1067,4614,4,2,4
439000,7.71067,7.02963,-1063,4622,4,2,21
439500,5.5203,5.19258,-1063,4627,4,2,37
440000,5.9458,4.9726,-1059,4635,4,2,55
440500,5.53951,3.44435,-1056,4642,4,3,11
441000,6.3327,6.11788,-1051,4651,4,3,28
441500,3.50003,1.65544,-1046,4660,4,3,44
442000,7.80011,7.36368,-1041,4669,4,4,1
442500,4.78956,4.52123,-1033,4679,4,4,17
443000,4.13231,3.05813,-1032,4685,4,4,34
443500,7.04848,5.36869,-1023,4696,4,4,50
444000,1.79604,0.833793,-1014,4707,4,5,7
444500,3.82617,2.61701,-1012,4714,4,5,23
445000,6.05678,4.65536,-1004,4725,4,5,40
445500,4.99483,4.55034,-1004,4731,4,5,56
446000,6.06982,5.72195,-998,4740,4,6,13
446500,5.14883,4.19433,-991,4750,4,6,29
447000,5.80589,5.36188,-989,4757,4,6,46
447500,0.939739,0.110802,-986,4764,4,7,3
448000,2.3385,1.71077,-984,4771,4,7,19
448500,3.58109,2.1422,-979,4780,4,7,36
449000,5.2341,4.41816,-970,4791,4,7,52
449500,4.0798,2.93871,-968,4798,4,8,9
450000,0.329564,-0.647375,-962,4807,4,8,26
450500,2.30203,0.738297,-963,4812,4,8,42
451000,7.14309,7.15653,-960,4820,4,8,59
451500,7.59413,5.82453,-950,4831,4,9,15
452000,5.43593,5.42733,-945,4840,4,9,32
452500,6.70929,6.63926,-939,4849,4,9,48
453000,2.61851,1.13286,-935,4857,4,10,5
453500,5.44206,4.92855,-933,4864,4,10,21
454000,5.6993,4.33478,-930,4871,4,10,38
454500,5.49286,4.35362,-931,4876,4,10,55
455000,5.71155,5.33413,-927,4885,4,11,11
455500,7.18265,5.26025,-918,4896,4,11,28
456000,3.68065,2.54035,-915,4904,4,11,44
456500,6.69174,4.44295,-909,4913,4,12,1
457000,6.05515,5.17572,-901,4923,4,12,17
457500,4.87349,4.54358,-899,4930,4,12,34
458000,7.7779,7.30131,-897,4938,4,12,50
458500,5.54296,4.85536,-890,4948,4,13,7
459000,5.48791,5.27794,-881,4959,4,13,23
459500,6.68755,5.26926,-870,4971,4,13,40
460000,6.00303,5.54689,-866,4979,4,13,57
460500,5.37349,4.25741,-864,4986,4,14,13
461000,6.43429,5.94403,-855,4997,4,14,30
461500,5.14875,4.33842,-852,5005,4,14,47
462000,7.68216,6.98608,-843,5016,4,15,3
462500,2.93807,1.79602,-838,5025,4,15,20
463000,5.76912,5.21011,-833,5034,4,15,36
463500,4.3884,4.20163,-827,5043,4,15,53
464000,2.11007,1.00836,-823,5051,4,16,9
464500,5.9775,4.68141,-816,5061,4,16,26
465000,4.6637,3.41296,-810,5070,4,16,42
465500,5.74347,5.12978,-809,5076,4,16,59
466000,3.90743,2.75848,-811,5080,4,17,15
466500,-0.376722,-0.395612,-805,5089,4,17,32
467000,7.90474,7.92805,-800,5098,4,17,48
467500,6.77126,5.94787,-802,5102,4,18,5
468000,7.79658,7.38373,-791,5114,4,18,21
468500,5.46436,4.82023,-785,5123,4,18,38
469000,6.55548,5.87615,-783,5130,4,18,55
469500,1.7328,0.488092,-780,5137,4,19,11
470000,4.45459,3.56625,-779,5143,4,19,28
470500,7.93913,5.62504,-773,5152,4,19,45
471000,3.75204,2.29516,-766,5162,4,20,1
471500,4.16862,4.2823,-759,5172,4,20,18
472000,3.17336,2.88139,-753,5181,4,20,34
472500,4.68955,3.21526,-755,5185,4,20,51
473000,5.63417,3.77528,-749,5194,4,21,7
473500,6.798,6.59453,-751,5199,4,21,24
474000,3.20617,1.57737,-748,5206,4,21,40
474500,5.3639,4.03705,-739,5217,4,21,57
475000,6.97276,6.52513,-733,5226,4,22,13
475500,8.62569,8.29632,-732,5232,4,22,30
476000,2.35363,0.36334,-724,5242,4,22,47
476500,4.49068,3.92641,-720,5250,4,23,3
477000,4.47457,2.70881,-711,5261,4,23,20
477500,5.98547,6.06194,-701,5273,4,23,36
478000,3.0517,2.73906,-695,5282,4,23,53
478500,5.37208,5.15998,-692,5290,4,24,9
479000,3.73263,3.60262,-687,5299,4,24,26
479500,7.7204,7.41431,-686,5306,4,24,42
480000,4.67121,4.43599,-677,5317,4,24,59
480500,3.04474,1.00695,-668,5328,4,25,16
481000,5.4164,4.12506,-661,5338,4,25,32
481500,5.70879,5.26995,-652,5349,4,25,49
482000,8.03629,6.21067,-645,5359,4,26,6
482500,4.08149,4.02849,-639,5369,4,26,22
483000,7.52693,7.51526,-632,5379,4,26,39
483500,3.57522,1.3422,-628,5387,4,26,55
484000,8.32987,7.95481,-623,5396,4,27,12
484500,7.45214,7.35424,-614,5407,4,27,28
485000,2.68647,0.601476,-607,5417,4,27,45
485500,5.41805,4.32752,-607,5423,4,28,1
486000,7.28189,6.61488,-598,5434,4,28,18
486500,2.12236,0.889353,-593,5443,4,28,34
487000,7.14673,6.75676,-584,5454,4,28,51
487500,6.17886,5.37376,-576,5465,4,29,7
488000,5.57656,4.87953,-567,5476,4,29,24
488500,5.7542,4.72797,-561,5485,4,29,40
489000,5.38509,3.30368,-559,5492,4,29,57
489500,3.29297,2.26346,-553,5501,4,30,14
490000,3.53849,2.70418,-549,5509,4,30,31
490500,7.56138,6.88154,-552,5512,4,30,47
491000,4.69357,4.83756,-549,5520,4,31,4
491500,7.3436,6.83207,-544,5529,4,31,20
492000,3.20762,1.57843,-539,5538,4,31,37
492500,8.09398,7.89309,-539,5544,4,31,53
493000,6.25113,5.73933,-533,5554,4,32,10
493500,6.86516,6.44493,-529,5562,4,32,26
494000,8.4493,7.09825,-527,5569,4,32,43
494500,8.38719,7.36623,-522,5578,4,33,0
495000,6.00248,5.99138,-512,5590,4,33,16
495500,7.40919,7.42342,-504,5601,4,33,33
496000,0.879036,0.000876774,-506,5605,4,33,49
496500,5.95295,5.08497,-503,5613,4,34,6
497000,2.42049,0.909438,-499,5621,4,34,22
497500,6.6382,4.45036,-499,5627,4,34,39
498000,8.41436,7.71404,-490,5638,4,34,55
498500,5.28794,3.39687,-487,5645,4,35,12
499000,5.02949,3.89974,-481,5654,4,35,28
499500,6.54845,4.80904,-483,5658,4,35,45
500000,8.71554,7.91825,-478,5667,4,36,2
500500,7.93204,7.77189,-472,5676,4,36,18
501000,5.15309,3.75865,-462,5688,4,36,35
501500,6.63836,5.69307,-459,5695,4,36,51
502000,6.91339,5.20301,-459,5701,4,37,8
502500,5.71892,4.60431,-456,5708,4,37,25
503000,4.33802,1.66361,-452,5716,4,37,41
503500,2.70033,1.59818,-441,5728,4,37,58
504000,6.42663,6.20077,-433,5739,4,38,14
504500,6.57973,6.37913,-429,5747,4,38,31
505000,7.0689,5.02568,-422,5757,4,38,47
505500,5.54698,5.185,-417,5766,4,39,4
506000,7.75894,7.15085,-408,5778,4,39,20
506500,7.4368,5.84,-402,5787,4,39,37
507000,2.59419,1.0403,-389,5800,4,39,53
507500,6.68826,5.9245,-384,5809,4,40,10
508000,7.12996,6.3185,-376,5819,4,40,26
508500,7.8604,8.06241,-374,5826,4,40,43
509000,7.62977,5.79264,-372,5833,4,40,59
509500,1.96092,0.771309,-367,5842,4,41,16
510000,6.90157,6.87328,-367,5848,4,41,33
510500,4.33719,4.16998,-363,5856,4,41,50
511000,6.57793,6.38963,-358,5865,4,42,6
511500,4.16662,4.26082,-353,5874,4,42,23
512000,6.79725,5.58718,-346,5884,4,42,39
512500,3.8942,1.15656,-336,5896,4,42,56
513000,5.88747,3.74317,-329,5907,4,43,12
513500,7.22568,7.16815,-324,5916,4,43,29
514000,4.84308,4.78955,-318,5926,4,43,45
514500,6.04347,5.11624,-308,5938,4,44,2
515000,7.19262,5.65356,-296,5951,4,44,18
515500,8.0232,7.69119,-297,5956,4,44,35
516000,2.85635,2.71995,-290,5966,4,44,51
516500,5.89407,6.12038,-278,5979,4,45,8
517000,3.70046,2.05991,-270,5989,4,45,25
517500,6.65697,5.75302,-266,5997,4,45,41
518000,3.50426,2.93117,-261,6006,4,45,58
518500,8.67112,7.16913,-255,6015,4,46,14
519000,2.62387,1.12536,-255,6021,4,46,31
519500,6.02595,5.53758,-249,6030,4,46,47
520000,6.5617,6.8111,-247,6037,4,47,4
520500,5.65579,5.67916,-235,6050,4,47,21
521000,6.49425,4.48235,-230,6059,4,47,37
521500,7.34961,5.92237,-221,6070,4,47,54
522000,8.23191,6.46725,-211,6082,4,48,10
522500,5.12702,4.51772,-207,6091,4,48,27
523000,6.12263,6.42376,-204,6099,4,48,43
523500,3.54714,3.24236,-199,6108,4,49,0
524000,7.67237,5.16915,-191,6119,4,49,16
524500,5.69493,4.22012,-186,6128,4,49,33
525000,3.85379,1.82881,-177,6139,4,49,49
525500,4.50151,4.28776,-171,6149,4,50,6
526000,7.31773,6.5985,-168,6157,4,50,23
526500,8.52729,7.77527,-158,6169,4,50,39
527000,6.54326,5.14742,-154,6177,4,50,56
527500,4.17481,3.56815,-145,6188,4,51,12
528000,3.45726,1.35842,-135,6200,4,51,29
528500,7.50217,6.68823,-130,6209,4,51,45
529000,8.69929,7.99264,-124,6219,4,52,2
529500,4.17451,2.15686,-117,6229,4,52,18
530000,6.31853,6.01562,-116,6237,4,52,35
530500,8.72311,8.24471,-108,6247,4,52,52
531000,2.2334,2.49342,-100,6258,4,53,8
531500,7.90205,7.77967,-98,6265,4,53,25
532000,8.28909,7.56068,-90,6276,4,53,41
532500,7.3778,6.9668,-88,6283,4,53,58
533000,7.67269,7.34315,-81,6293,4,54,15
533500,8.54815,7.24026,-70,6305,4,54,31
534000,4.34141,2.86889,-58,6318,4,54,48
534500,3.78216,3.11689,-51,6328,4,55,4
535000,7.66535,5.86597,-41,6340,4,55,21
535500,5.57448,3.56336,-33,6351,4,55,37
536000,3.67564,2.18236,-26,6361,4,55,54
536500,6.41663,5.43874,-25,6367,4,56,10
537000,6.99708,5.33718,-17,6377,4,56,27
537500,8.21746,5.99047,-12,6386,4,56,43
538000,5.95563,4.73291,-10,6393,4,57,0
538500,5.17967,4.16945,1,6405,4,57,16
539000,0.462151,-0.44399,4,6413,4,57,33
539500,5.40054,4.39012,15,6425,4,57,50
540000,8.88628,8.43706,22,6435,4,58,7
540500,9.2212,8.69327,28,6444,4,58,23
541000,7.1328,6.96638,35,6455,4,58,40
541500,7.26673,5.23921,39,6463,4,58,56
542000,4.31918,3.09497,46,6473,4,59,13
542500,5.88078,5.63645,55,6484,4,59,29
543000,5.5925,4.12575,61,6493,4,59,46
543500,7.44784,5.45884,69,6504,5,0,2
544000,6.51881,6.57748,78,6515,5,0,19
544500,6.17964,4.68836,85,6525,5,0,35
545000,7.54947,6.85554,91,6534,5,0,52
545500,5.66592,3.18582,95,6542,5,1,8
546000,5.0005,2.27477,99,6550,5,1,25
546500,5.14729,3.67708,106,6560,5,1,41
547000,6.72111,5.1565,110,6568,5,1,58
547500,6.22405,4.16666,111,6574,5,2,15
548000,3.1581,2.13467,116,6583,5,2,31
548500,4.80784,2.71996,124,6594,5,2,48
549000,8.79761,5.92357,132,6604,5,3,4
549500,7.72894,5.51872,141,6615,5,3,21
550000,5.91095,5.37677,150,6626,5,3,38
550500,4.93074,4.56899,161,6638,5,3,54
551000,6.41449,6.43015,168,6648,5,4,11
551500,8.94124,8.71813,174,6657,5,4,27
552000,5.74638,5.09869,185,6669,5,4,44
552500,6.29795,5.97583,190,6678,5,5,0
553000,8.2937,5.90319,198,6689,5,5,17
553500,5.58164,3.23302,204,6698,5,5,33
554000,-1.31408,-1.22926,210,6708,5,5,50
554500,9.66639,9.40207,214,6716,5,6,6
555000,7.68799,5.16372,220,6725,5,6,23
555500,8.01222,5.39358,226,6734,5,6,40
556000,8.57088,7.76885,233,6744,5,6,56
556500,6.497,5.1032,239,6753,5,7,13
557000,9.06165,8.87131,243,6762,5,7,29
557500,8.08292,5.74438,253,6773,5,7,46
558000,8.59964,8.5975,257,6781,5,8,2
558500,5.3709,5.12822,260,6788,5,8,19
559000,7.39287,6.22438,268,6799,5,8,35
559500,7.66273,7.07038,279,6811,5,8,52
560000,2.59745,2.12747,288,6822,5,9,9
560500,8.74411,7.50241,295,6833,5,9,25
561000,6.4867,4.92031,303,6843,5,9,42
561500,7.05556,7.18652,307,6851,5,9,59
562000,8.14527,7.77961,313,6861,5,10,15
562500,7.98957,5.44264,317,6869,5,10,32
563000,1.51524,0.896314,323,6880,5,10,48
563500,8.10907,6.8044,327,6888,5,11,5
564000,7.31165,6.11011,334,6899,5,11,21
564500,7.78232,5.73544,342,6910,5,11,38
565000,8.53597,7.10074,345,6919,5,11,54
565500,7.74658,5.5402,351,6928,5,12,11
566000,8.05392,7.97877,359,6939,5,12,27
566500,5.06366,4.57813,362,6947,5,12,44
567000,6.42674,4.14517,368,6956,5,13,0
567500,7.62957,5.86241,374,6966,5,13,17
568000,6.8277,5.87012,383,6977,5,13,33
568500,1.89969,0.141195,392,6988,5,13,50
569000,6.45658,5.29939,397,6997,5,14,7
569500,6.51956,6.40715,403,7007,5,14,23
570000,9.14723,8.98738,409,7017,5,14,40
570500,5.42026,3.6119,413,7025,5,14,57
571000,8.61398,8.21779,414,7032,5,15,13
571500,7.87622,7.75604,417,7039,5,15,30
572000,7.69476,7.12849,422,7048,5,15,46
572500,7.7825,7.57821,424,7055,5,16,3
573000,8.58306,6.06185,428,7063,5,16,19
573500,6.97896,5.94422,433,7072,5,16,36
574000,7.27893,6.02852,442,7083,5,16,52
574500,7.52026,7.26138,451,7094,5,17,9
575000,8.54611,8.03591,460,7105,5,17,25
575500,7.13357,5.02191,467,7115,5,17,42
576000,7.42798,5.29489,468,7121,5,17,59
576500,3.22354,1.23379,472,7129,5,18,15
577000,6.99765,4.89056,479,7139,5,18,32
577500,7.67002,6.07729,484,7148,5,18,48
578000,6.91565,5.61691,490,7157,5,19,5
578500,4.08855,2.03436,496,7166,5,19,21
579000,3.87241,3.09551,502,7175,5,19,38
579500,4.98237,4.81669,511,7186,5,19,54
580000,6.69351,5.74974,517,7195,5,20,11
580500,8.22181,7.28112,526,7206,5,20,28
581000,6.34807,6.38947,534,7217,5,20,44
581500,6.96407,5.11028,542,7227,5,21,1
582000,7.2526,5.11386,549,7237,5,21,17
582500,8.10641,7.87498,554,7246,5,21,34
583000,7.83513,7.72546,559,7254,5,21,51
583500,8.67717,8.56199,567,7265,5,22,7
584000,7.06832,6.49283,570,7272,5,22,24
584500,7.59355,5.66746,578,7282,5,22,40
585000,4.71081,3.00295,587,7293,5,22,57
585500,7.19511,6.70091,593,7302,5,23,13
586000,8.35787,7.76795,597,7311,5,23,30
586500,6.48916,4.66412,600,7319,5,23,46
587000,2.39091,0.573667,609,7330,5,24,3
587500,2.46584,1.12573,616,7340,5,24,19
588000,4.71077,3.96963,625,7351,5,24,36
588500,1.14823,0.507715,633,7361,5,24,52
589000,6.73827,6.58028,635,7368,5,25,9
589500,5.84997,5.99656,638,7376,5,25,26
590000,6.19104,6.16568,644,7385,5,25,43
590500,7.58977,7.04157,655,7397,5,25,59
591000,5.94379,5.12708,667,7410,5,26,16
591500,7.54844,5.39741,671,7418,5,26,32
592000,4.47599,3.82458,680,7429,5,26,49
592500,7.83143,7.04784,687,7439,5,27,5
593000,4.97995,5.00031,696,7450,5,27,22
593500,7.08093,6.26072,707,7462,5,27,38
594000,6.87106,5.94009,714,7472,5,27,55
594500,3.16373,1.11818,723,7483,5,28,11
595000,9.01493,6.96029,731,7493,5,28,28
595500,6.7291,5.09506,741,7505,5,28,44
596000,8.15381,7.9293,750,7516,5,29,1
596500,8.11077,7.11307,759,7527,5,29,17
597000,8.14858,7.72045,769,7539,5,29,34
597500,4.85434,4.47733,780,7551,5,29,51
598000,2.63204,0.161348,791,7563,5,30,7
598500,8.17874,7.9802,801,7575,5,30,24
599000,7.15747,4.81906,811,7586,5,30,40
599500,3.93837,1.86975,825,7600,5,30,57
600000,6.14872,3.39325,833,7610,5,31,14
600500,8.12431,7.31311,844,7622,5,31,30
601000,7.9126,6.01297,855,7634,5,31,47
601500,10.3891,8.51163,866,7646,5,32,3
602000,8.45072,6.02864,877,7658,5,32,20
602500,6.63509,4.73444,891,7672,5,32,36
603000,9.06799,8.69682,896,7682,5,32,53
603500,6.57844,5.95155,906,7693,5,33,9
604000,5.76371,4.44598,915,7704,5,33,26
604500,6.70976,5.99239,929,7718,5,33,42
605000,6.96338,5.512,940,7730,5,33,59
605500,8.8567,6.38316,953,7743,5,34,16
606000,3.41829,1.36245,964,7755,5,34,32
606500,8.33016,5.69809,973,7766,5,34,49
607000,8.90574,6.9097,986,7779,5,35,5
607500,6.86407,6.62446,995,7790,5,35,22
608000,6.02751,4.88504,1003,7801,5,35,38
608500,7.94094,5.21289,1016,7814,5,35,55
609000,7.65438,5.50762,1025,7825,5,36,11
609500,5.16885,5.24801,1038,7838,5,36,28
610000,7.33585,6.37956,1044,7847,5,36,45
610500,7.82987,7.31895,1055,7859,5,37,1
611000,7.61511,6.25549,1066,7871,5,37,18
611500,9.80158,8.33714,1078,7884,5,37,34
612000,2.9417,3.35966,1086,7894,5,37,51
612500,8.77072,8.25526,1093,7904,5,38,8
613000,10.0285,8.28064,1101,7914,5,38,24
613500,9.49177,7.89823,1115,7928,5,38,41
614000,9.24873,8.708,1128,7941,5,38,57
614500,5.3938,4.27371,1142,7955,5,39,14
615000,9.86952,7.10051,1152,7966,5,39,30
615500,7.03741,4.75105,1163,7979,5,39,47
616000,6.9787,6.98962,1176,7992,5,40,3
616500,7.74999,5.75062,1188,8005,5,40,20
617000,7.06283,5.85746,1199,8017,5,40,36
617500,8.91677,6.74148,1210,8029,5,40,53
618000,4.32462,4.20465,1219,8040,5,41,10
618500,8.69827,7.50363,1227,8050,5,41,26
619000,9.85007,8.78993,1241,8064,5,41,43
619500,7.55391,5.45803,1252,8076,5,41,59
620000,9.44674,7.29415,1257,8085,5,42,16
620500,9.81282,7.92769,1268,8097,5,42,33
621000,9.87754,7.69568,1279,8109,5,42,49
621500,7.19503,4.92999,1290,8121,5,43,6
622000,9.18462,6.84246,1304,8135,5,43,22
622500,9.51044,6.3259,1317,8148,5,43,39
623000,9.02843,7.71035,1331,8162,5,43,55
623500,9.91543,9.80101,1335,8170,5,44,12
624000,9.60436,8.3444,1345,8181,5,44,28
624500,6.15649,3.94897,1353,8191,5,44,45
625000,10.6415,8.04687,1364,8203,5,45,1
625500,9.20552,8.38046,1373,8214,5,45,18
626000,8.81199,7.3357,1387,8228,5,45,35
626500,9.64117,7.50806,1400,8241,5,45,51
627000,8.69174,7.67851,1412,8254,5,46,8
627500,5.01512,4.06226,1421,8265,5,46,24
628000,8.16493,6.86361,1432,8277,5,46,41
628500,6.84876,5.16309,1438,8286,5,46,57
629000,8.28838,5.67132,1449,8298,5,47,14
629500,9.56293,8.92999,1460,8310,5,47,30
630000,9.04598,7.60695,1474,8324,5,47,47
630500,8.63268,6.6906,1487,8337,5,48,4
631000,11.3694,8.18698,1496,8348,5,48,20
631500,9.93098,7.83618,1508,8361,5,48,37
632000,10.943,9.1738,1515,8371,5,48,53
632500,5.99919,2.98645,1525,8382,5,49,10
633000,9.14555,7.62432,1536,8395,5,49,27
633500,4.26281,2.21531,1547,8407,5,49,43
634000,10.7456,10.2094,1560,8420,5,50,0
634500,9.25091,8.54005,1567,8430,5,50,16
635000,9.63979,8.35385,1577,8441,5,50,33
635500,9.68836,6.94635,1591,8455,5,50,49
636000,10.9643,9.06389,1604,8468,5,51,6
636500,9.08467,8.44917,1613,8479,5,51,22
637000,9.79976,9.46271,1623,8491,5,51,39
637500,7.19053,6.87699,1634,8503,5,51,55
638000,9.32297,8.4633,1648,8517,5,52,12
638500,8.57442,8.38878,1657,8528,5,52,28
639000,10.5561,9.48115,1668,8540,5,52,45
639500,10.0795,9.28291,1680,8553,5,53,1
640000,10.2571,6.82813,1692,8565,5,53,19
640500,9.96162,7.38595,1706,8579,5,53,35
641000,10.3777,7.74109,1717,8591,5,53,52
641500,11.0535,11.1526,1727,8603,5,54,8
642000,9.55684,7.20025,1739,8616,5,54,25
642500,9.1077,9.04985,1750,8628,5,54,41
643000,9.27785,6.66901,1759,8639,5,54,58
643500,9.71387,7.29579,1770,8651,5,55,14
644000,10.0661,9.58576,1776,8660,5,55,31
644500,11.5272,10.3333,1785,8671,5,55,47
645000,10.5205,10.4913,1794,8682,5,56,4
645500,10.2125,10.2364,1801,8692,5,56,20
646000,11.0098,9.21786,1812,8704,5,56,37
646500,10.8765,8.87991,1821,8715,5,56,53
647000,12.0634,9.88269,1832,8727,5,57,10
647500,10.7591,11.0319,1846,8741,5,57,27
648000,7.95238,5.31346,1855,8752,5,57,43
648500,9.57417,7.39226,1864,8763,5,58,0
649000,10.3697,7.80662,1876,8776,5,58,16
649500,11.0266,9.11157,1889,8789,5,58,33
650000,10.0997,6.88087,1897,8800,5,58,50
650500,10.2282,7.07863,1910,8813,5,59,6
651000,10.9526,10.1641,1918,8824,5,59,23
651500,10.3991,7.88247,1929,8836,5,59,39
652000,11.2442,9.29429,1942,8849,5,59,56
652500,9.66705,8.09194,1952,8861,6,0,12
653000,7.50038,5.11257,1965,8874,6,0,29
653500,6.54102,4.32535,1979,8888,6,0,45
654000,10.246,10.0115,1992,8901,6,1,2
654500,8.29046,6.33474,2006,8915,6,1,19
655000,9.85441,7.72119,2016,8927,6,1,35
655500,10.4241,9.64774,2026,8939,6,1,52
656000,10.2323,10.3848,2039,8952,6,2,8
656500,10.8728,9.84495,2048,8963,6,2,25
657000,10.7924,9.99214,2058,8974,6,2,41
657500,8.95838,6.16358,2072,8988,6,2,58
658000,9.60327,8.92283,2084,9001,6,3,14
658500,10.6629,7.20528,2097,9014,6,3,31
659000,10.7881,9.39051,2111,9028,6,3,47
659500,9.8823,6.90669,2123,9041,6,4,4
660000,9.44575,8.59973,2133,9053,6,4,21
660500,8.44784,6.56971,2143,9064,6,4,37
661000,10.8208,6.90827,2153,9076,6,4,54
661500,9.8907,7.6417,2167,9090,6,5,10
662000,10.4846,8.33923,2178,9102,6,5,27
662500,8.86122,6.04818,2188,9114,6,5,44
663000,10.4735,9.57582,2200,9127,6,6,0
663500,10.7009,9.97057,2211,9139,6,6,17
664000,12.2056,11.5703,2224,9152,6,6,33
664500,11.1603,11.1202,2236,9165,6,6,50
665000,10.3719,9.65239,2248,9178,6,7,6
665500,8.17411,7.24886,2261,9191,6,7,23
666000,10.3149,7.83775,2275,9205,6,7,39
666500,10.1476,7.46356,2286,9217,6,7,56
667000,10.3762,8.31779,2297,9229,6,8,12
667500,9.85583,7.63078,2311,9243,6,8,29
668000,11.1142,10.1047,2324,9256,6,8,45
668500,8.8132,5.70561,2338,9270,6,9,2
669000,10.9388,9.76016,2350,9283,6,9,18
669500,9.35507,8.96287,2363,9296,6,9,35
670000,10.29,9.6277,2367,9304,6,9,52
670500,10.4365,8.34859,2381,9318,6,10,8
671000,10.0291,6.71697,2392,9330,6,10,25
671500,7.80162,4.66052,2405,9343,6,10,42
672000,8.57845,7.40311,2416,9355,6,10,58
672500,9.66567,7.32955,2430,9369,6,11,15
673000,10.6988,9.36087,2443,9382,6,11,31
673500,10.2303,8.2304,2455,9395,6,11,48
674000,8.61842,7.8708,2467,9408,6,12,4
674500,9.98946,8.91729,2481,9422,6,12,21
675000,11.3573,9.10394,2492,9434,6,12,37
675500,10.1507,8.46115,2505,9447,6,12,54
676000,10.7676,10.0743,2519,9461,6,13,10
676500,10.1568,10.0479,2532,9474,6,13,27
677000,10.5295,8.20093,2546,9488,6,13,43
677500,11.6076,11.5599,2554,9498,6,14,0
678000,10.2391,9.70516,2568,9512,6,14,17
678500,10.5044,7.99696,2581,9525,6,14,33
679000,11.0505,8.94759,2592,9537,6,14,50
679500,8.58993,8.01605,2606,9551,6,15,6
680000,11.3706,8.90474,2619,9564,6,15,23
680500,10.3539,8.07986,2631,9577,6,15,40
681000,9.81489,6.76802,2642,9589,6,15,56
681500,10.9117,8.73312,2654,9602,6,16,13
682000,10.9504,9.13033,2667,9615,6,16,29
682500,10.9214,8.94028,2681,9629,6,16,46
683000,9.79047,5.8778,2694,9642,6,17,2
683500,8.81145,6.15608,2708,9656,6,17,19
684000,9.10513,7.91915,2722,9670,6,17,35
684500,10.8367,10.7548,2735,9683,6,17,52
685000,10.8059,10.1003,2749,9697,6,18,9
685500,10.3638,6.49173,2762,9710,6,18,25
686000,11.1587,8.46747,2771,9721,6,18,42
686500,11.1976,6.57967,2782,9733,6,18,58
687000,10.8384,10.5585,2796,9747,6,19,15
687500,11.5026,10.2178,2809,9760,6,19,31
688000,10.2354,6.90987,2821,9773,6,19,48
688500,11.3017,10.6804,2835,9787,6,20,4
689000,11.564,10.5145,2848,9800,6,20,21
689500,10.5003,8.16612,2862,9814,6,20,37
690000,11.2824,10.773,2874,9827,6,20,54
690500,11.1982,11.2441,2887,9840,6,21,11
691000,10.8527,10.8968,2898,9852,6,21,27
691500,11.1798,8.17261,2911,9865,6,21,44
692000,10.8831,10.953,2925,9879,6,22,1
692500,10.2254,7.63893,2938,9892,6,22,17
693000,10.8959,10.1506,2952,9906,6,22,34
693500,11.1762,8.42695,2964,9919,6,22,50
694000,11.317,8.60514,2977,9932,6,23,7
694500,10.7282,10.3692,2991,9946,6,23,23
695000,10.6967,8.90392,3004,9959,6,23,40
695500,11.1197,8.39621,3018,9973,6,23,56
696000,10.1478,7.25781,3031,9986,6,24,13
696500,10.5953,9.88477,3045,10000,6,24,29
697000,8.70214,6.1643,3057,10013,6,24,46
697500,11.6843,9.68724,3070,10026,6,25,2
698000,10.7309,9.96916,3082,10039,6,25,19
698500,10.0277,9.17438,3093,10051,6,25,35
699000,8.27085,5.78268,3106,10064,6,25,52
699500,11.0101,10.6547,3120,10078,6,26,9
700000,10.7902,9.3361,3129,10089,6,26,26
700500,11.1952,11.0291,3142,10102,6,26,42
701000,10.7928,7.97064,3153,10114,6,26,59
701500,10.387,8.93824,3167,10128,6,27,15
702000,11.1962,10.7644,3178,10140,6,27,32
702500,11.0987,9.56494,3191,10153,6,27,48
703000,11.3436,10.3343,3205,10167,6,28,5
703500,9.69902,7.71166,3218,10180,6,28,21
704000,10.35,8.7143,3232,10194,6,28,38
704500,10.1229,6.40237,3244,10207,6,28,54
705000,10.7719,8.44515,3257,10220,6,29,11
705500,9.87972,6.69595,3271,10234,6,29,28
706000,11.3398,9.61702,3282,10246,6,29,44
706500,10.6185,7.5645,3294,10259,6,30,1
707000,12.317,11.0943,3307,10272,6,30,17
707500,10.8073,6.9474,3321,10286,6,30,34
708000,12.0131,9.27475,3333,10299,6,30,50
708500,11.9987,9.11619,3342,10310,6,31,7
709000,12.906,10.2119,3355,10323,6,31,23
709500,10.7175,9.34932,3369,10337,6,31,40
710000,10.7278,10.629,3381,10350,6,31,57
710500,11.7723,9.25427,3394,10363,6,32,13
711000,12.8214,12.5211,3407,10376,6,32,30
711500,11.7303,9.02396,3418,10388,6,32,46
712000,10.4754,9.92688,3432,10402,6,33,3
712500,12.4546,8.5254,3443,10414,6,33,19
713000,11.5834,8.62453,3457,10428,6,33,36
713500,10.228,6.20831,3468,10440,6,33,53
714000,12.014,8.24658,3481,10453,6,34,9
714500,12.0377,8.07213,3495,10467,6,34,26
715000,11.9129,8.07275,3508,10480,6,34,42
715500,11.9426,10.511,3519,10492,6,34,59
716000,12.1297,9.38909,3533,10506,6,35,15
716500,11.9617,10.5603,3546,10519,6,35,32
717000,11.6896,10.3113,3560,10533,6,35,48
717500,12.4957,11.0532,3573,10546,6,36,5
718000,10.7986,7.72904,3587,10560,6,36,21
718500,12.219,8.95727,3600,10573,6,36,38
719000,11.6699,9.03711,3614,10587,6,36,54
719500,11.6102,9.9918,3627,10600,6,37,11
720000,12.4745,9.64411,3641,10614,6,37,28
720500,11.4107,10.3518,3655,10628,6,37,44
721000,12.0221,11.5362,3668,10641,6,38,1
721500,11.3595,10.648,3680,10654,6,38,18
722000,11.5138,9.15978,3691,10666,6,38,34
722500,11.873,10.9784,3704,10679,6,38,51
723000,10.9976,9.36274,3716,10692,6,39,7
723500,11.7069,10.3023,3730,10706,6,39,24
724000,11.4473,10.5664,3743,10719,6,39,40
724500,11.1238,8.3205,3757,10733,6,39,57
725000,11.4902,10.0224,3770,10746,6,40,13
725500,11.8712,11.4262,3784,10760,6,40,30
726000,12.2497,11.1911,3794,10772,6,40,46
726500,11.2689,8.65205,3807,10785,6,41,3
727000,12.042,11.1312,3818,10797,6,41,19
727500,11.9633,9.29391,3830,10810,6,41,36
728000,12.3413,10.7499,3843,10823,6,41,52
728500,12.1468,8.46126,3857,10837,6,42,9
729000,11.8453,9.48067,3870,10850,6,42,26
729500,12.2013,9.93558,3880,10862,6,42,42
730000,11.2899,10.6747,3894,10876,6,42,59
730500,10.4977,7.91477,3907,10889,6,43,16
731000,11.5492,10.2889,3921,10903,6,43,32
731500,11.5398,11.5891,3933,10916,6,43,49
732000,12.1687,10.4971,3946,10929,6,44,5
732500,11.8648,9.18296,3960,10943,6,44,22
733000,11.3895,11.5768,3973,10956,6,44,38
733500,12.3487,9.00747,3985,10969,6,44,55
734000,11.3954,8.84545,3999,10983,6,45,12
734500,12.0398,9.9065,4012,10996,6,45,28
735000,11.6796,11.426,4026,11010,6,45,45
735500,13.0872,11.1101,4038,11023,6,46,1
736000,11.9682,10.3722,4047,11034,6,46,18
736500,11.9944,11.5315,4060,11047,6,46,34
737000,11.5436,8.97491,4074,11061,6,46,51
737500,12.3537,9.68902,4087,11074,6,47,7
738000,11.91,9.77256,4101,11088,6,47,24
738500,12.3093,10.829,4114,11101,6,47,40
739000,11.9751,11.8044,4126,11114,6,47,57
739500,11.7867,10.6814,4138,11127,6,48,13
740000,11.9696,9.6931,4149,11139,6,48,30
740500,12.4197,10.5505,4162,11152,6,48,47
741000,12.6301,10.3006,4176,11166,6,49,4
741500,12.2665,9.22419,4189,11179,6,49,20
742000,11.7408,12.063,4201,11192,6,49,37
742500,11.5006,8.76901,4215,11206,6,49,53
743000,10.0827,10.7944,4228,11219,6,50,10
743500,11.1245,11.0923,4240,11232,6,50,26
744000,11.3545,9.25446,4254,11246,6,50,43
744500,12.5165,9.45259,4265,11258,6,50,59
745000,12.6852,11.4633,4276,11270,6,51,16
745500,11.8,11.5304,4288,11283,6,51,32
746000,11.6271,9.08798,4302,11297,6,51,49
746500,11.4603,9.66255,4315,11310,6,52,5
747000,11.6476,9.81199,4329,11324,6,52,22
747500,11.2248,8.4749,4342,11337,6,52,38
748000,12.0078,10.2296,4356,11351,6,52,55
748500,11.1578,11.0873,4368,11364,6,53,12
749000,11.6155,8.52695,4381,11377,6,53,28
749500,11.6064,11.3308,4395,11391,6,53,45
750000,12.0453,8.59036,4408,11404,6,54,2
750500,11.2043,11.0463,4422,11418,6,54,18
751000,12.0436,10.3319,4432,11430,6,54,35
751500,12.1653,10.2608,4445,11443,6,54,51
752000,11.5411,10.2787,4457,11456,6,55,8
752500,11.5448,11.5561,4467,11468,6,55,24
753000,11.6945,8.76966,4481,11482,6,55,41
753500,11.5753,8.54823,4494,11495,6,55,57
754000,11.0308,10.3199,4505,11507,6,56,14
754500,12.0694,8.83521,4519,11521,6,56,30
755000,12.191,10.3343,4532,11534,6,56,47
755500,12.0345,11.1753,4543,11546,6,57,4
756000,11.4366,11.203,4557,11560,6,57,20
756500,12.1001,12.0646,4570,11573,6,57,37
757000,11.152,10.534,4584,11587,6,57,53
757500,11.8595,11.8066,4597,11600,6,58,10
758000,11.8095,11.7208,4611,11614,6,58,26
758500,11.969,8.94169,4624,11627,6,58,43
759000,11.6803,9.10016,4636,11640,6,58,59
759500,11.8897,10.6324,4647,11652,6,59,16
760000,12.5616,10.5586,4660,11665,6,59,33
760500,11.2327,7.70663,4674,11679,6,59,49
761000,11.9339,8.53635,4688,11693,7,0,6
761500,12.285,9.41084,4699,11705,7,0,22
762000,11.9188,11.5845,4711,11718,7,0,39
762500,11.5745,10.5462,4725,11732,7,0,55
763000,11.7149,11.256,4738,11745,7,1,12
763500,11.5771,9.45295,4752,11759,7,1,29
764000,12.0258,10.3008,4764,11772,7,1,45
764500,12.0818,12.3932,4777,11785,7,2,2
765000,11.0256,8.34929,4789,11798,7,2,18
765500,11.6099,11.7503,4803,11812,7,2,35
766000,11.5051,10.9139,4816,11825,7,2,51
766500,12.0726,9.56563,4826,11837,7,3,8
767000,12.1478,10.7246,4839,11850,7,3,24
767500,12.2757,9.81566,4850,11862,7,3,41
768000,11.3544,9.59499,4864,11876,7,3,57
768500,10.7631,9.59305,4875,11888,7,4,14
769000,11.8552,8.40393,4887,11901,7,4,30
769500,12.2119,10.3697,4900,11914,7,4,47
770000,11.8049,9.73714,4914,11928,7,5,4
770500,11.5707,10.1427,4927,11941,7,5,20
771000,11.4212,9.49588,4941,11955,7,5,37
771500,11.4746,11.1965,4953,11968,7,5,54
772000,11.7085,11.1569,4966,11981,7,6,10
772500,11.8053,10.5884,4978,11994,7,6,27
773000,11.0199,7.93525,4991,12007,7,6,43
773500,11.3968,9.65886,5001,12019,7,7,0
774000,11.3926,10.5715,5015,12033,7,7,16
774500,12.0733,10.1556,5027,12046,7,7,33
775000,13.036,10.2943,5038,12058,7,7,49
775500,11.0525,11.3899,5052,12072,7,8,6
776000,12.1873,8.84052,5065,12085,7,8,22
776500,11.9917,12.0543,5079,12099,7,8,39
777000,12.546,9.96094,5093,12113,7,8,55
777500,11.7134,11.1808,5104,12125,7,9,12
778000,11.4668,8.66672,5118,12139,7,9,28
778500,12.4112,9.4306,5130,12152,7,9,45
779000,11.9733,11.3694,5143,12165,7,10,1
779500,11.5747,10.8392,5157,12179,7,10,18
780000,11.7072,10.0587,5170,12192,7,10,35
780500,11.4272,9.57423,5184,12206,7,10,51
781000,12.2372,10.9913,5197,12219,7,11,8
781500,11.2581,9.58573,5211,12233,7,11,25
782000,10.1225,7.3461,5224,12246,7,11,41
782500,11.6912,10.644,5235,12258,7,11,58
783000,12.1879,10.2981,5249,12272,7,12,14
783500,11.9843,9.72641,5262,12285,7,12,31
784000,11.2714,9.15145,5276,12299,7,12,47
784500,11.838,11.3685,5289,12312,7,13,4
785000,11.5345,9.12598,5303,12326,7,13,20
785500,12.1251,11.218,5316,12339,7,13,37
786000,11.1535,8.37349,5330,12353,7,13,53
786500,12.423,10.6116,5343,12366,7,14,10
787000,11.9563,10.417,5357,12380,7,14,26
787500,12.4243,10.2631,5370,12393,7,14,43
788000,12.2293,10.7038,5384,12407,7,15,0
788500,12.6607,10.4766,5397,12420,7,15,16
789000,12.0128,9.83179,5411,12434,7,15,33
789500,11.7566,10.6918,5423,12447,7,15,49
790000,12.4666,10.7711,5434,12459,7,16,6
790500,11.95,10.8024,5448,12473,7,16,23
791000,12.0581,10.1963,5461,12486,7,16,39
791500,11.3561,8.29119,5475,12500,7,16,56
792000,11.6005,11.6955,5486,12512,7,17,12
792500,12.3519,9.34937,5500,12526,7,17,29
793000,12.2364,9.35972,5511,12538,7,17,45
793500,11.141,9.35744,5525,12552,7,18,2
794000,12.1491,10.0333,5538,12565,7,18,18
794500,11.9339,10.0199,5552,12579,7,18,35
795000,12.0956,9.38963,5565,12592,7,18,51
795500,11.4208,9.89567,5579,12606,7,19,8
796000,11.8283,11.9231,5590,12618,7,19,25
796500,12.2308,9.96967,5603,12631,7,19,41
797000,12.0509,12.3116,5617,12645,7,19,58
797500,12.5366,9.51512,5630,12658,7,20,14
798000,11.668,9.9961,5644,12672,7,20,31
798500,12.2034,9.63761,5657,12685,7,20,47
799000,11.9087,11.659,5667,12697,7,21,4
799500,11.3619,8.19728,5674,12707,7,21,20
800000,11.9193,11.8007,5687,12720,7,21,37
800500,11.1884,11.0496,5701,12734,7,21,54
801000,11.7518,12.0369,5712,12746,7,22,10
801500,12.0018,11.1603,5725,12759,7,22,27
802000,11.3076,9.65633,5739,12773,7,22,43
802500,12.1979,9.79067,5752,12786,7,23,0
803000,11.9815,11.7498,5766,12800,7,23,16
803500,11.4964,9.16893,5777,12812,7,23,33
804000,11.7674,11.2016,5790,12825,7,23,50
804500,11.4666,9.8658,5802,12838,7,24,6
805000,12.2487,12.1169,5815,12851,7,24,23
805500,11.6139,10.7877,5829,12865,7,24,39
806000,11.4324,8.13519,5842,12878,7,24,56
806500,11.3358,9.07094,5856,12892,7,25,12
807000,12.7904,11.4296,5869,12905,7,25,29
807500,11.4755,11.0603,5883,12919,7,25,45
808000,12.2562,12.4358,5896,12932,7,26,2
808500,11.9469,10.9717,5910,12946,7,26,18
809000,11.5479,10.8264,5923,12959,7,26,35
809500,11.5777,11.354,5937,12973,7,26,51
810000,12.0862,11.3613,5950,12986,7,27,8
810500,11.6743,11.2067,5964,13000,7,27,25
811000,11.4929,8.99306,5975,13012,7,27,42
811500,11.8538,10.4813,5988,13025,7,27,58
812000,11.2186,10.2802,6002,13039,7,28,15
812500,11.0651,10.1424,6015,13052,7,28,31
813000,11.5693,11.1357,6026,13064,7,28,48
813500,11.875,9.6301,6040,13078,7,29,4
814000,11.8798,10.2204,6053,13091,7,29,21
814500,12.5329,9.91247,6064,13103,7,29,37
815000,12.1431,9.94916,6077,13116,7,29,54
815500,11.9029,11.4699,6087,13128,7,30,10
816000,11.517,10.1861,6096,13139,7,30,27
816500,11.4298,9.83253,6109,13152,7,30,43
817000,11.3317,8.38034,6123,13166,7,31,0
817500,11.5182,8.36473,6132,13177,7,31,16
818000,12.391,11.515,6145,13190,7,31,33
818500,11.2045,8.03793,6159,13204,7,31,50
819000,11.9601,10.3926,6172,13217,7,32,6
819500,12.2552,11.3735,6186,13231,7,32,23
820000,11.3519,9.74942,6200,13245,7,32,40
820500,11.6746,11.6243,6213,13258,7,32,56
821000,11.4675,9.71755,6227,13272,7,33,13
821500,11.6209,11.0953,6238,13284,7,33,29
822000,11.637,9.43974,6250,13297,7,33,46
822500,12.5673,11.9582,6263,13310,7,34,2
823000,11.1341,9.11051,6275,13323,7,34,19
823500,11.6495,9.22671,6289,13337,7,34,35
824000,10.7793,10.0257,6302,13350,7,34,52
824500,11.5474,9.20882,6313,13362,7,35,8
825000,11.013,8.23227,6327,13376,7,35,25
825500,12.2118,10.051,6340,13389,7,35,41
826000,11.7573,11.2969,6351,13401,7,35,58
826500,11.0883,9.21282,6365,13415,7,36,15
827000,12.1317,10.6072,6378,13428,7,36,31
827500,11.5793,8.47071,6392,13442,7,36,48
828000,11.4621,9.15233,6403,13454,7,37,4
828500,12.6086,11.0632,6416,13467,7,37,21
829000,11.3248,10.1843,6430,13481,7,37,37
829500,13.0204,10.3707,6443,13494,7,37,54
830000,11.4972,9.92611,6457,13508,7,38,11
830500,12.9159,9.63756,6470,13521,7,38,27
831000,11.6938,11.2976,6484,13535,7,38,44
831500,9.68279,7.23109,6497,13548,7,39,0
832000,11.2646,9.13229,6511,13562,7,39,17
832500,12.4695,9.60728,6524,13575,7,39,33
833000,11.8427,11.3712,6536,13588,7,39,50
833500,11.9292,11.5032,6546,13599,7,40,6
834000,12.0911,11.2307,6560,13613,7,40,23
834500,11.7321,9.83664,6574,13627,7,40,40
835000,11.966,11.7934,6587,13640,7,40,56
835500,11.6864,10.3105,6601,13654,7,41,13
836000,11.2136,8.44426,6614,13667,7,41,29
836500,11.8159,11.5625,6628,13681,7,41,46
837000,10.977,9.57812,6641,13694,7,42,2
837500,11.6947,7.96519,6649,13704,7,42,19
838000,11.937,10.0718,6663,13718,7,42,35
838500,12.6325,9.42486,6676,13731,7,42,52
839000,12.2306,11.3672,6690,13745,7,43,8
839500,12.3323,7.80994,6703,13758,7,43,25
840000,11.9627,8.75191,6714,13770,7,43,42
840500,12.168,9.12224,6728,13784,7,43,58
841000,11.1413,7.67001,6742,13798,7,44,15
841500,12.4519,11.277,6755,13811,7,44,32
842000,12.1036,10.6,6769,13825,7,44,48
842500,11.9828,10.0644,6782,13838,7,45,5
843000,11.9822,12.108,6794,13851,7,45,21
843500,11.3786,10.8761,6805,13863,7,45,38
844000,12.4347,10.8191,6817,13876,7,45,54
844500,12.0162,9.50219,6830,13889,7,46,11
845000,11.5645,10.594,6844,13903,7,46,27
845500,10.9154,9.02902,6857,13916,7,46,44
846000,11.3849,10.2489,6871,13930,7,47,0
846500,11.0544,11.3632,6882,13942,7,47,17
847000,11.4357,10.9989,6896,13956,7,47,33
847500,12.3387,10.6504,6909,13969,7,47,50
848000,11.3034,7.99579,6923,13983,7,48,6
848500,12.6369,12.2701,6932,13994,7,48,23
849000,10.9423,10.7108,6946,14008,7,48,39
849500,11.3237,9.32889,6959,14021,7,48,56
850000,11.5152,10.5308,6973,14035,7,49,13
850500,11.2606,9.81545,6986,14048,7,49,30
851000,12.2458,11.7883,6998,14061,7,49,46
851500,12.1738,10.2315,7011,14074,7,50,3
852000,11.7453,8.65433,7025,14088,7,50,19
852500,12.1092,7.87331,7038,14101,7,50,36
853000,12.5356,9.93503,7052,14115,7,50,52
853500,13.0803,12.1819,7065,14128,7,51,9
854000,12.4313,11.4152,7079,14142,7,51,25
854500,12.3756,10.7607,7092,14155,7,51,42
855000,12.4833,11.8276,7106,14169,7,51,58
855500,11.3076,8.80446,7117,14181,7,52,15
856000,11.0342,8.63303,7131,14195,7,52,31
856500,12.3212,11.6279,7144,14208,7,52,48
857000,11.4218,10.3663,7158,14222,7,53,5
857500,12.1781,9.20139,7171,14235,7,53,21
858000,12.0356,10.6548,7185,14249,7,53,38
